In-flight Analysis - Open UAS at 72% Throttle
5000ft above Sea Level, 29.92inHg, 41°F

Motor: Badass 3520-650kv; 650rpm/V; 1.58A no-load; 0.032 Ohms.
Battery: Kokam 3200SHD (20C); 3 cells; 3200mAh @ 3.7V; 0.008 Ohms/cell.
Speed Control: Generic Brushless ESC; 0.006 Ohms; High rate.
Drive System: APC 12x10-14x10; 12x10 (Pconst=1.17; Tconst=1) direct drive.
Airframe: OpenUAS; 1sq.in; 19.1oz RTF; 2746.1oz/sq.ft; Cd=0.084; Cl=0.38; Clopt=0.34; Clmax=1.08.
Stats: 85 W/lb in; 71 W/lb out; 274mph stall; 487mph opt; 461mph level; -9103ft/min @ -12.3°; -9103ft/min @ -12.3°.

AirSpd   Drag   Lift  Batt Motor Motor  Input   Loss MGbOut MotGb Shaft   Prop Thrust  PSpd  Prop Total   Time
 (mph)   (oz)   (oz)  Amps  Amps Volts    (W)    (W)    (W) Ef(%) Ef(%)    RPM   (oz) (mph) Ef(%) Ef(%)  (m:s)

   0.0    0.0    0.0   9.6  13.3   7.6  101.3   17.0   84.3  83.2  79.0   4656   22.8  44.1   0.0   0.0  19:59
   1.0    0.0    0.0   9.6  13.3   7.6  101.3   17.0   84.3  83.2  79.0   4656   22.5  43.1   3.3   2.6  19:59
   2.0    0.0    0.0   9.6  13.4   7.6  101.4   17.0   84.3  83.2  79.0   4656   22.3  42.1   6.5   5.2  19:58
   3.0    0.0    0.0   9.6  13.4   7.6  101.5   17.1   84.4  83.2  79.0   4655   22.0  41.1   9.7   7.7  19:57
   4.0    0.0    0.0   9.6  13.4   7.6  101.7   17.1   84.6  83.2  79.0   4654   21.8  40.1  12.8  10.1  19:55
   5.0    0.0    0.0   9.7  13.4   7.6  101.9   17.1   84.8  83.2  79.0   4653   21.6  39.1  15.8  12.5  19:52
   6.0    0.0    0.0   9.7  13.5   7.6  102.1   17.1   85.0  83.2  79.0   4652   21.4  38.0  18.7  14.8  19:49
   7.0    0.0    0.0   9.7  13.5   7.6  102.3   17.1   85.2  83.2  79.0   4650   21.2  37.0  21.6  17.1  19:46
   8.0    0.0    0.0   9.7  13.5   7.6  102.6   17.2   85.4  83.3  79.0   4649   21.0  36.0  24.4  19.3  19:43
   9.0    0.0    0.0   9.8  13.6   7.6  102.9   17.2   85.7  83.3  79.0   4647   20.8  35.0  27.1  21.4  19:40
  10.0    0.0    0.0   9.8  13.6   7.6  103.2   17.2   85.9  83.3  79.0   4645   20.6  34.0  29.8  23.5  19:36
  11.0    0.0    0.0   9.8  13.6   7.6  103.4   17.3   86.2  83.3  79.0   4644   20.4  33.0  32.3  25.5  19:33
  12.0    0.0    0.0   9.8  13.7   7.6  103.7   17.3   86.4  83.3  79.0   4642   20.2  32.0  34.8  27.5  19:30
  13.0    0.0    0.0   9.9  13.7   7.6  103.9   17.3   86.6  83.3  79.0   4641   20.0  31.0  37.2  29.4  19:27
  14.0    0.0    0.0   9.9  13.7   7.6  104.1   17.3   86.8  83.3  79.0   4640   19.8  29.9  39.6  31.3  19:25
  15.0    0.0    0.0   9.9  13.8   7.6  104.3   17.4   86.9  83.4  79.0   4639   19.5  28.9  41.8  33.1  19:23
  16.0    0.0    0.0   9.9  13.8   7.6  104.4   17.4   87.1  83.4  79.0   4638   19.3  27.9  44.0  34.8  19:21
  17.0    0.0    0.0   9.9  13.8   7.6  104.5   17.4   87.1  83.4  79.0   4637   19.1  26.9  46.1  36.4  19:20
  18.0    0.0    0.0   9.9  13.8   7.6  104.6   17.4   87.2  83.4  79.0   4637   18.8  25.9  48.1  38.0  19:19
  19.0    0.0    0.0   9.9  13.8   7.6  104.6   17.4   87.2  83.4  79.0   4637   18.5  24.9  50.1  39.6  19:20
  20.0    0.0    0.0   9.9  13.8   7.6  104.4   17.4   87.0  83.4  79.0   4638   18.2  23.9  51.9  41.1  19:21
  21.0    0.0    0.0   9.9  13.7   7.6  104.2   17.4   86.8  83.3  79.0   4640   17.9  22.9  53.7  42.5  19:24
  22.0    0.0    0.0   9.9  13.7   7.6  103.8   17.3   86.5  83.3  79.0   4642   17.6  22.0  55.4  43.8  19:29
  23.0    0.0    0.0   9.8  13.6   7.6  103.3   17.3   86.0  83.3  79.0   4645   17.2  21.0  57.0  45.1  19:35
  24.0    0.0    0.1   9.7  13.5   7.6  102.7   17.2   85.5  83.3  79.0   4648   16.8  20.0  58.6  46.3  19:42
  25.0    0.0    0.1   9.7  13.4   7.6  102.0   17.1   84.9  83.2  79.0   4652   16.4  19.1  60.0  47.4  19:50
  26.0    0.0    0.1   9.6  13.3   7.6  101.3   17.0   84.3  83.2  79.0   4656   16.1  18.1  61.4  48.5  19:59
  27.0    0.0    0.1   9.5  13.2   7.6  100.4   16.9   83.4  83.1  79.0   4661   15.6  17.1  62.7  49.5  20:11
  28.0    0.0    0.1   9.4  13.1   7.6   99.3   16.8   82.5  83.1  79.0   4667   15.2  16.2  63.9  50.5  20:24
  29.0    0.0    0.1   9.3  12.9   7.6   98.2   16.7   81.4  83.0  79.0   4674   14.7  15.3  65.1  51.4  20:40
  30.0    0.0    0.1   9.2  12.7   7.6   96.9   16.6   80.3  82.9  78.9   4681   14.3  14.3  66.1  52.2  20:57
  31.0    0.0    0.1   9.0  12.5   7.6   95.5   16.4   79.1  82.8  78.9   4689   13.8  13.4  67.1  53.0  21:16
  32.0    0.0    0.1   8.9  12.3   7.6   94.0   16.3   77.7  82.7  78.8   4697   13.3  12.5  68.0  53.6  21:37
  33.0    0.0    0.1   8.7  12.1   7.6   92.4   16.1   76.3  82.5  78.8   4706   12.8  11.6  68.9  54.3  22:01
  34.0    0.0    0.1   8.6  11.9   7.6   90.7   16.0   74.7  82.4  78.7   4716   12.3  10.7  69.6  54.8  22:27
  35.0    0.0    0.1   8.4  11.6   7.6   88.8   15.8   73.0  82.2  78.6   4727   11.8   9.8  70.3  55.3  22:57
  36.0    0.0    0.1   8.2  11.3   7.7   86.7   15.6   71.1  82.0  78.5   4738   11.3   8.9  71.0  55.7  23:31
  37.0    0.0    0.1   7.9  11.0   7.7   84.5   15.4   69.0  81.7  78.3   4751   10.8   8.0  71.5  56.0  24:11
  38.0    0.0    0.1   7.7  10.7   7.7   82.0   15.2   66.7  81.4  78.2   4765   10.2   7.1  72.0  56.3  24:57
  39.0    0.0    0.1   7.4  10.3   7.7   79.3   15.0   64.3  81.1  77.9   4780    9.6   6.3  72.4  56.4  25:50
  40.0    0.0    0.1   7.1   9.9   7.7   76.4   14.8   61.6  80.6  77.6   4795    9.0   5.4  72.8  56.5  26:51
  41.0    0.0    0.2   6.9   9.5   7.7   73.3   14.6   58.8  80.1  77.3   4812    8.4   4.6  73.1  56.5  28:01
  42.0    0.0    0.2   6.5   9.1   7.7   70.1   14.4   55.7  79.5  76.8   4830    7.8   3.7  73.4  56.3  29:23
  43.0    0.0    0.2   6.2   8.6   7.7   66.6   14.1   52.5  78.8  76.2   4849    7.2   2.9  73.6  56.1  30:58
  44.0    0.0    0.2   5.9   8.1   7.7   63.0   13.9   49.0  77.9  75.5   4869    6.6   2.1  73.7  55.6  32:49
  45.0    0.0    0.2   5.5   7.6   7.8   59.1   13.7   45.4  76.8  74.6   4889    6.0   1.3  73.8  55.0  35:01
  46.0    0.0    0.2   5.1   7.1   7.8   55.1   13.5   41.6  75.4  73.4   4911    5.4   0.5  73.8  54.2  37:39
  47.0    0.0    0.2   4.7   6.5   7.8   50.9   13.3   37.6  73.8  72.0   4933    4.8  -0.3  73.8  53.1  40:50
  48.0    0.0    0.2   4.3   6.0   7.8   46.5   13.2   33.3  71.7  70.1   4956    4.1  -1.1  73.6  51.6  44:48
  49.0    0.0    0.2   3.9   5.4   7.8   41.9   13.0   28.9  69.0  67.6   4980    3.5  -1.8  73.1  49.4  49:48
  50.0    0.0    0.2   3.4   4.7   7.8   37.2   12.9   24.3  65.4  64.2   5005    2.8  -2.6  72.4  46.5  56:19
  51.0    0.1    0.2   2.9   4.1   7.9   32.2   12.8   19.5  60.4  59.5   5031    2.2  -3.4  71.5  42.5  65:07
  52.0    0.1    0.2   2.5   3.4   7.9   27.1   12.7   14.4  53.3  52.6   5057    1.6  -4.1  70.3  37.0  77:37
  53.0    0.1    0.3   2.0   2.8   7.9   21.8   12.6    9.2  42.2  41.8   5084    1.0  -4.9  69.0  28.8  96:47
  54.0    0.1    0.3   1.5   2.1   7.9   16.3   12.6    3.7  23.0  22.8   5112    0.4  -5.6  67.5  15.4 129:40

Note: Motor performance calculations take ambient temperature and heating effects into account.

Generated by MotoCalc 8.09, 11/3/2020 12:56 PM.
