In-flight Analysis - Open UAS at 83% Throttle
5000ft above Sea Level, 29.92inHg, 41°F

Motor: BadAss 2826-560Kv; 560rpm/V; 1.45A no-load; 0.045 Ohms.
Battery: Kokam 3200SHD (20C); 3 cells; 3200mAh @ 3.7V; 0.008 Ohms/cell.
Speed Control: Generic Brushless ESC; 0.006 Ohms; High rate.
Drive System: APC 12x10-14x10; 12x10 (Pconst=1.17; Tconst=1) direct drive.
Airframe: OpenUAS; 1sq.in; 19oz RTF; 2740.3oz/sq.ft; Cd=0.084; Cl=0.38; Clopt=0.34; Clmax=1.08.
Stats: 87 W/lb in; 71 W/lb out; 274mph stall; 487mph opt; 460mph level; -9093ft/min @ -12.3°; -9093ft/min @ -12.3°.

AirSpd   Drag   Lift  Batt Motor Motor  Input   Loss MGbOut MotGb Shaft   Prop Thrust  PSpd  Prop Total   Time
 (mph)   (oz)   (oz)  Amps  Amps Volts    (W)    (W)    (W) Ef(%) Ef(%)    RPM   (oz) (mph) Ef(%) Ef(%)  (m:s)

   0.0    0.0    0.0   9.7  11.6   8.9  103.2   18.2   84.9  82.3  79.2   4668   22.9  44.2   0.0   0.0  19:53
   1.0    0.0    0.0   9.7  11.6   8.9  103.2   18.2   84.9  82.3  79.2   4668   22.6  43.2   3.3   2.6  19:53
   2.0    0.0    0.0   9.7  11.6   8.9  103.2   18.2   85.0  82.3  79.2   4668   22.4  42.2   6.5   5.2  19:52
   3.0    0.0    0.0   9.7  11.7   8.9  103.3   18.3   85.1  82.3  79.2   4667   22.2  41.2   9.7   7.7  19:50
   4.0    0.0    0.0   9.7  11.7   8.9  103.5   18.3   85.2  82.3  79.2   4666   21.9  40.2  12.8  10.1  19:48
   5.0    0.0    0.0   9.7  11.7   8.9  103.7   18.3   85.4  82.4  79.2   4665   21.7  39.2  15.8  12.5  19:46
   6.0    0.0    0.0   9.7  11.7   8.9  104.0   18.3   85.6  82.4  79.2   4664   21.5  38.2  18.7  14.8  19:43
   7.0    0.0    0.0   9.8  11.8   8.9  104.2   18.4   85.9  82.4  79.2   4663   21.3  37.2  21.6  17.1  19:40
   8.0    0.0    0.0   9.8  11.8   8.9  104.5   18.4   86.1  82.4  79.2   4661   21.1  36.1  24.3  19.3  19:37
   9.0    0.0    0.0   9.8  11.8   8.9  104.8   18.4   86.4  82.4  79.2   4660   20.9  35.1  27.1  21.4  19:33
  10.0    0.0    0.0   9.8  11.9   8.9  105.1   18.5   86.6  82.4  79.3   4658   20.7  34.1  29.7  23.5  19:30
  11.0    0.0    0.0   9.9  11.9   8.9  105.4   18.5   86.9  82.5  79.3   4657   20.5  33.1  32.2  25.6  19:27
  12.0    0.0    0.0   9.9  11.9   8.9  105.6   18.5   87.1  82.5  79.3   4656   20.3  32.1  34.7  27.5  19:24
  13.0    0.0    0.0   9.9  12.0   8.9  105.9   18.5   87.3  82.5  79.3   4654   20.1  31.1  37.1  29.4  19:21
  14.0    0.0    0.0   9.9  12.0   8.9  106.1   18.6   87.5  82.5  79.3   4653   19.9  30.1  39.5  31.3  19:18
  15.0    0.0    0.0  10.0  12.0   8.9  106.3   18.6   87.7  82.5  79.3   4652   19.7  29.1  41.7  33.1  19:16
  16.0    0.0    0.0  10.0  12.0   8.9  106.4   18.6   87.8  82.5  79.3   4651   19.4  28.0  43.9  34.8  19:14
  17.0    0.0    0.0  10.0  12.0   8.9  106.5   18.6   87.9  82.5  79.3   4651   19.2  27.0  46.0  36.5  19:13
  18.0    0.0    0.0  10.0  12.0   8.9  106.6   18.6   87.9  82.5  79.3   4651   18.9  26.0  48.0  38.1  19:13
  19.0    0.0    0.0  10.0  12.0   8.9  106.6   18.6   87.9  82.5  79.3   4651   18.7  25.0  50.0  39.6  19:13
  20.0    0.0    0.0  10.0  12.0   8.9  106.4   18.6   87.8  82.5  79.3   4651   18.4  24.0  51.8  41.1  19:15
  21.0    0.0    0.0  10.0  12.0   8.9  106.2   18.6   87.6  82.5  79.3   4653   18.0  23.1  53.6  42.5  19:18
  22.0    0.0    0.0   9.9  11.9   8.9  105.8   18.5   87.2  82.5  79.3   4655   17.7  22.1  55.3  43.9  19:22
  23.0    0.0    0.0   9.9  11.9   8.9  105.3   18.5   86.8  82.5  79.3   4657   17.3  21.1  56.9  45.1  19:28
  24.0    0.0    0.1   9.8  11.8   8.9  104.7   18.4   86.3  82.4  79.2   4660   17.0  20.1  58.5  46.3  19:35
  25.0    0.0    0.1   9.7  11.7   8.9  103.9   18.3   85.6  82.4  79.2   4664   16.6  19.2  59.9  47.5  19:43
  26.0    0.0    0.1   9.7  11.6   8.9  103.2   18.2   84.9  82.3  79.2   4668   16.2  18.2  61.3  48.6  19:53
  27.0    0.0    0.1   9.6  11.5   8.9  102.2   18.1   84.1  82.3  79.2   4673   15.7  17.3  62.6  49.6  20:04
  28.0    0.0    0.1   9.5  11.4   8.9  101.2   18.0   83.2  82.2  79.1   4678   15.3  16.3  63.9  50.5  20:17
  29.0    0.0    0.1   9.3  11.3   8.9  100.0   17.9   82.1  82.1  79.1   4684   14.8  15.4  65.0  51.4  20:32
  30.0    0.0    0.1   9.2  11.1   8.9   98.7   17.7   80.9  82.0  79.1   4691   14.4  14.4  66.1  52.2  20:49
  31.0    0.0    0.1   9.1  10.9   8.9   97.2   17.6   79.6  81.9  79.0   4698   13.9  13.5  67.1  53.0  21:08
  32.0    0.0    0.1   8.9  10.8   8.9   95.7   17.4   78.3  81.8  78.9   4706   13.4  12.6  68.0  53.7  21:30
  33.0    0.0    0.1   8.8  10.6   8.9   94.0   17.3   76.8  81.6  78.8   4714   12.9  11.6  68.8  54.3  21:53
  34.0    0.0    0.1   8.6  10.4   8.9   92.3   17.1   75.2  81.5  78.7   4723   12.4  10.7  69.6  54.8  22:19
  35.0    0.0    0.1   8.4  10.1   8.9   90.3   16.9   73.4  81.3  78.6   4733   11.9   9.8  70.3  55.3  22:49
  36.0    0.0    0.1   8.2   9.9   8.9   88.2   16.7   71.5  81.1  78.5   4743   11.4   8.9  70.9  55.7  23:24
  37.0    0.0    0.1   8.0   9.6   8.9   85.8   16.5   69.3  80.8  78.3   4755   10.8   8.0  71.5  56.0  24:04
  38.0    0.0    0.1   7.7   9.3   8.9   83.2   16.3   67.0  80.5  78.0   4768   10.2   7.2  72.0  56.2  24:50
  39.0    0.0    0.1   7.5   9.0   8.9   80.4   16.0   64.4  80.1  77.7   4781    9.6   6.3  72.4  56.3  25:43
  40.0    0.0    0.1   7.2   8.6   9.0   77.4   15.8   61.7  79.6  77.4   4796    9.0   5.4  72.8  56.3  26:45
  41.0    0.0    0.2   6.9   8.3   9.0   74.2   15.5   58.7  79.1  76.9   4812    8.4   4.6  73.1  56.2  27:56
  42.0    0.0    0.2   6.6   7.9   9.0   70.9   15.3   55.6  78.4  76.4   4828    7.8   3.7  73.4  56.0  29:18
  43.0    0.0    0.2   6.2   7.5   9.0   67.3   15.1   52.2  77.6  75.7   4845    7.2   2.9  73.6  55.7  30:54
  44.0    0.0    0.2   5.9   7.1   9.0   63.5   14.8   48.7  76.7  74.9   4864    6.6   2.1  73.7  55.2  32:48
  45.0    0.0    0.2   5.5   6.6   9.0   59.5   14.6   44.9  75.5  73.9   4883    5.9   1.2  73.8  54.5  35:02
  46.0    0.0    0.2   5.1   6.1   9.0   55.3   14.4   41.0  74.0  72.5   4903    5.3   0.4  73.8  53.6  37:44
  47.0    0.0    0.2   4.7   5.6   9.0   51.0   14.2   36.8  72.2  70.9   4923    4.7  -0.4  73.8  52.3  41:02
  48.0    0.0    0.2   4.3   5.1   9.1   46.4   14.0   32.4  69.9  68.7   4945    4.0  -1.2  73.6  50.5  45:09
  49.0    0.0    0.2   3.8   4.6   9.1   41.7   13.8   27.9  66.9  65.9   4967    3.3  -2.0  73.0  48.1  50:23
  50.0    0.0    0.2   3.4   4.0   9.1   36.7   13.7   23.1  62.8  62.0   4990    2.7  -2.7  72.2  44.8  57:15
  51.0    0.1    0.2   2.9   3.5   9.1   31.6   13.5   18.1  57.2  56.6   5014    2.0  -3.5  71.2  40.3  66:39
  52.0    0.1    0.2   2.4   2.9   9.1   26.3   13.4   12.9  49.0  48.5   5039    1.4  -4.3  70.0  34.0  80:15
  53.0    0.1    0.3   1.9   2.3   9.1   20.8   13.3    7.5  35.9  35.6   5064    0.8  -5.0  68.5  24.4 101:38
  54.0    0.1    0.3   1.4   1.7   9.2   15.1   13.3    1.8  12.1  12.0   5090    0.2  -5.8  66.9   8.0 140:06

Note: Motor performance calculations take ambient temperature and heating effects into account.

Generated by MotoCalc 8.09, 11/3/2020 12:04 PM.
