In-flight Analysis - Open UAS at 60% Throttle
5000ft above Sea Level, 29.92inHg, 41°F

Motor: BadAss 2826-790Kv; 790rpm/V; 2.16A no-load; 0.026 Ohms.
Battery: Kokam 3200SHD (20C); 3 cells; 3200mAh @ 3.7V; 0.008 Ohms/cell.
Speed Control: Generic Brushless ESC; 0.006 Ohms; High rate.
Drive System: APC 12x10-14x10; 12x10 (Pconst=1.17; Tconst=1) direct drive.
Airframe: OpenUAS; 1sq.in; 19oz RTF; 2730.2oz/sq.ft; Cd=0.084; Cl=0.38; Clopt=0.34; Clmax=1.08.
Stats: 83 W/lb in; 67 W/lb out; 273mph stall; 486mph opt; 459mph level; -9076ft/min @ -12.3°; -9076ft/min @ -12.3°.

AirSpd   Drag   Lift  Batt Motor Motor  Input   Loss MGbOut MotGb Shaft   Prop Thrust  PSpd  Prop Total   Time
 (mph)   (oz)   (oz)  Amps  Amps Volts    (W)    (W)    (W) Ef(%) Ef(%)    RPM   (oz) (mph) Ef(%) Ef(%)  (m:s)

   0.0    0.0    0.0   9.5  15.9   6.2   98.0   19.1   79.0  80.6  74.8   4556   21.8  43.1   0.0   0.0  20:11
   1.0    0.0    0.0   9.5  15.9   6.2   98.0   19.1   79.0  80.6  74.8   4556   21.5  42.1   3.4   2.5  20:11
   2.0    0.0    0.0   9.5  15.9   6.2   98.1   19.1   79.0  80.6  74.8   4556   21.3  41.1   6.7   5.0  20:11
   3.0    0.0    0.0   9.5  15.9   6.2   98.2   19.1   79.1  80.6  74.8   4555   21.1  40.1   9.9   7.4  20:09
   4.0    0.0    0.0   9.5  15.9   6.2   98.4   19.1   79.3  80.6  74.8   4554   20.9  39.1  13.1   9.8  20:07
   5.0    0.0    0.0   9.6  15.9   6.2   98.5   19.1   79.4  80.6  74.8   4552   20.7  38.1  16.1  12.1  20:04
   6.0    0.0    0.0   9.6  16.0   6.2   98.8   19.2   79.6  80.6  74.8   4551   20.5  37.1  19.1  14.3  20:02
   7.0    0.0    0.0   9.6  16.0   6.2   99.0   19.2   79.8  80.6  74.8   4549   20.3  36.1  22.1  16.5  19:59
   8.0    0.0    0.0   9.6  16.1   6.2   99.2   19.2   80.0  80.6  74.8   4547   20.1  35.1  24.9  18.6  19:56
   9.0    0.0    0.0   9.7  16.1   6.2   99.5   19.3   80.2  80.6  74.8   4545   19.9  34.0  27.7  20.7  19:52
  10.0    0.0    0.0   9.7  16.1   6.2   99.7   19.3   80.4  80.7  74.8   4543   19.7  33.0  30.3  22.7  19:49
  11.0    0.0    0.0   9.7  16.2   6.2   99.9   19.3   80.6  80.7  74.8   4541   19.5  32.0  32.9  24.6  19:46
  12.0    0.0    0.0   9.7  16.2   6.2  100.2   19.3   80.8  80.7  74.8   4539   19.3  31.0  35.5  26.5  19:43
  13.0    0.0    0.0   9.8  16.3   6.2  100.4   19.4   81.0  80.7  74.8   4538   19.1  30.0  37.9  28.4  19:41
  14.0    0.0    0.0   9.8  16.3   6.2  100.6   19.4   81.2  80.7  74.8   4536   18.8  29.0  40.3  30.1  19:38
  15.0    0.0    0.0   9.8  16.3   6.2  100.7   19.4   81.3  80.7  74.8   4535   18.6  27.9  42.6  31.8  19:36
  16.0    0.0    0.0   9.8  16.3   6.2  100.8   19.4   81.4  80.7  74.8   4534   18.4  26.9  44.8  33.5  19:35
  17.0    0.0    0.0   9.8  16.4   6.2  100.9   19.4   81.5  80.7  74.8   4534   18.1  25.9  46.9  35.1  19:34
  18.0    0.0    0.0   9.8  16.4   6.2  100.9   19.4   81.5  80.7  74.8   4533   17.9  24.9  48.9  36.6  19:34
  19.0    0.0    0.0   9.8  16.3   6.2  100.8   19.4   81.4  80.7  74.8   4534   17.6  23.9  50.9  38.1  19:35
  20.0    0.0    0.0   9.8  16.3   6.2  100.7   19.4   81.3  80.7  74.8   4535   17.3  22.9  52.8  39.5  19:37
  21.0    0.0    0.0   9.8  16.3   6.2  100.4   19.4   81.0  80.7  74.8   4538   17.0  22.0  54.5  40.8  19:40
  22.0    0.0    0.0   9.7  16.2   6.2  100.0   19.3   80.7  80.7  74.8   4541   16.6  21.0  56.2  42.1  19:45
  23.0    0.0    0.0   9.7  16.1   6.2   99.5   19.3   80.3  80.6  74.8   4544   16.3  20.0  57.8  43.3  19:51
  24.0    0.0    0.1   9.6  16.0   6.2   98.9   19.2   79.8  80.6  74.8   4549   15.9  19.1  59.4  44.4  19:59
  25.0    0.0    0.1   9.5  15.9   6.2   98.3   19.1   79.2  80.6  74.8   4555   15.5  18.1  60.8  45.5  20:08
  26.0    0.0    0.1   9.5  15.8   6.2   97.6   19.0   78.6  80.5  74.8   4560   15.1  17.2  62.2  46.5  20:17
  27.0    0.0    0.1   9.4  15.6   6.2   96.7   18.9   77.8  80.5  74.8   4567   14.7  16.2  63.4  47.4  20:29
  28.0    0.0    0.1   9.3  15.4   6.2   95.7   18.8   76.9  80.4  74.8   4575   14.3  15.3  64.6  48.3  20:43
  29.0    0.0    0.1   9.2  15.3   6.2   94.6   18.6   76.0  80.3  74.8   4583   13.9  14.4  65.7  49.1  20:59
  30.0    0.0    0.1   9.0  15.0   6.2   93.4   18.5   74.9  80.2  74.8   4593   13.4  13.5  66.7  49.9  21:16
  31.0    0.0    0.1   8.9  14.8   6.2   92.1   18.4   73.8  80.1  74.7   4603   13.0  12.6  67.7  50.6  21:35
  32.0    0.0    0.1   8.7  14.6   6.2   90.7   18.2   72.6  80.0  74.7   4614   12.5  11.7  68.6  51.2  21:57
  33.0    0.0    0.1   8.6  14.3   6.2   89.3   18.0   71.2  79.8  74.7   4625   12.1  10.8  69.4  51.8  22:20
  34.0    0.0    0.1   8.4  14.0   6.2   87.6   17.9   69.8  79.6  74.6   4638   11.6   9.9  70.1  52.3  22:47
  35.0    0.0    0.1   8.2  13.7   6.2   85.9   17.7   68.2  79.4  74.5   4652   11.1   9.1  70.7  52.7  23:17
  36.0    0.0    0.1   8.0  13.4   6.3   83.9   17.5   66.4  79.2  74.4   4667   10.6   8.2  71.3  53.1  23:52
  37.0    0.0    0.1   7.8  13.0   6.3   81.7   17.2   64.5  78.9  74.3   4683   10.1   7.3  71.8  53.3  24:33
  38.0    0.0    0.1   7.6  12.6   6.3   79.4   17.0   62.4  78.6  74.1   4701    9.6   6.5  72.3  53.5  25:18
  39.0    0.0    0.1   7.3  12.2   6.3   76.9   16.8   60.1  78.2  73.9   4720    9.0   5.7  72.7  53.7  26:11
  40.0    0.0    0.1   7.1  11.8   6.3   74.3   16.6   57.7  77.7  73.6   4740    8.5   4.9  73.0  53.7  27:11
  41.0    0.0    0.2   6.8  11.3   6.3   71.4   16.3   55.1  77.1  73.2   4761    7.9   4.1  73.2  53.6  28:20
  42.0    0.0    0.2   6.5  10.8   6.3   68.4   16.1   52.3  76.4  72.7   4783    7.4   3.3  73.5  53.4  29:38
  43.0    0.0    0.2   6.2  10.3   6.4   65.2   15.9   49.4  75.6  72.1   4807    6.8   2.5  73.6  53.1  31:09
  44.0    0.0    0.2   5.8   9.7   6.4   61.9   15.7   46.2  74.7  71.4   4831    6.2   1.8  73.7  52.7  32:55
  45.0    0.0    0.2   5.5   9.1   6.4   58.4   15.5   42.9  73.5  70.5   4857    5.7   1.0  73.8  52.0  35:00
  46.0    0.0    0.2   5.1   8.5   6.4   54.7   15.2   39.5  72.1  69.4   4884    5.1   0.2  73.9  51.2  37:27
  47.0    0.0    0.2   4.8   7.9   6.4   50.9   15.1   35.8  70.4  67.9   4911    4.5  -0.5  73.8  50.1  40:23
  48.0    0.0    0.2   4.4   7.3   6.4   46.9   14.9   32.0  68.3  66.0   4940    4.0  -1.2  73.5  48.6  43:57
  49.0    0.0    0.2   4.0   6.6   6.5   42.7   14.7   28.0  65.6  63.6   4969    3.4  -1.9  73.0  46.5  48:22
  50.0    0.0    0.2   3.6   5.9   6.5   38.4   14.6   23.8  62.1  60.4   5000    2.8  -2.7  72.3  43.7  53:59
  51.0    0.1    0.2   3.1   5.2   6.5   33.9   14.5   19.5  57.4  56.1   5031    2.2  -3.4  71.5  40.1  61:18
  52.0    0.1    0.2   2.7   4.5   6.5   29.3   14.4   14.9  51.0  50.0   5063    1.6  -4.1  70.4  35.2  71:15
  53.0    0.1    0.3   2.2   3.7   6.5   24.5   14.3   10.2  41.7  41.0   5096    1.1  -4.7  69.2  28.4  85:30
  54.0    0.1    0.3   1.8   3.0   6.6   19.5   14.3    5.3  27.0  26.7   5130    0.5  -5.4  67.9  18.1 107:36

Note: Motor performance calculations take ambient temperature and heating effects into account.

Generated by MotoCalc 8.09, 11/3/2020 12:09 PM.
