In-flight Analysis - Open UAS at 67% Throttle
5000ft above Sea Level, 29.92inHg, 41°F

Motor: BadAss 2826-710Kv; 710rpm/V; 1.3A no-load; 0.047 Ohms.
Battery: Kokam 3200SHD (20C); 3 cells; 3200mAh @ 3.7V; 0.008 Ohms/cell.
Speed Control: Generic Brushless ESC; 0.006 Ohms; High rate.
Drive System: APC 12x10-14x10; 12x10 (Pconst=1.17; Tconst=1) direct drive.
Airframe: OpenUAS; 1sq.in; 17.5oz RTF; 2517.1oz/sq.ft; Cd=0.084; Cl=0.38; Clopt=0.34; Clmax=1.08.
Stats: 87 W/lb in; 71 W/lb out; 263mph stall; 467mph opt; 441mph level; -8715ft/min @ -12.3°; -8715ft/min @ -12.3°.

AirSpd   Drag   Lift  Batt Motor Motor  Input   Loss MGbOut MotGb Shaft   Prop Thrust  PSpd  Prop Total   Time
 (mph)   (oz)   (oz)  Amps  Amps Volts    (W)    (W)    (W) Ef(%) Ef(%)    RPM   (oz) (mph) Ef(%) Ef(%)  (m:s)

   0.0    0.0    0.0   9.0  13.5   7.0   94.9   17.0   78.0  82.1  77.6   4537   21.6  43.0   0.0   0.0  21:14
   1.0    0.0    0.0   9.0  13.5   7.0   94.9   17.0   78.0  82.1  77.6   4537   21.4  42.0   3.4   2.6  21:14
   2.0    0.0    0.0   9.0  13.5   7.0   95.0   17.0   78.0  82.1  77.6   4536   21.1  41.0   6.7   5.2  21:13
   3.0    0.0    0.0   9.1  13.5   7.0   95.1   17.0   78.1  82.1  77.6   4535   20.9  39.9  10.0   7.7  21:11
   4.0    0.0    0.0   9.1  13.5   7.0   95.3   17.0   78.2  82.1  77.6   4534   20.7  38.9  13.1  10.2  21:09
   5.0    0.0    0.0   9.1  13.6   7.0   95.4   17.1   78.4  82.1  77.6   4532   20.5  37.9  16.2  12.6  21:06
   6.0    0.0    0.0   9.1  13.6   7.0   95.7   17.1   78.5  82.1  77.6   4530   20.3  36.9  19.2  14.9  21:03
   7.0    0.0    0.0   9.1  13.6   7.0   95.9   17.2   78.7  82.1  77.6   4528   20.1  35.9  22.1  17.2  21:00
   8.0    0.0    0.0   9.2  13.7   7.0   96.1   17.2   78.9  82.1  77.6   4526   19.9  34.9  25.0  19.4  20:57
   9.0    0.0    0.0   9.2  13.7   7.0   96.4   17.2   79.1  82.1  77.6   4524   19.7  33.8  27.8  21.5  20:53
  10.0    0.0    0.0   9.2  13.8   7.0   96.6   17.3   79.3  82.1  77.5   4522   19.5  32.8  30.5  23.6  20:50
  11.0    0.0    0.0   9.2  13.8   7.0   96.9   17.3   79.5  82.1  77.5   4520   19.3  31.8  33.1  25.6  20:47
  12.0    0.0    0.0   9.3  13.8   7.0   97.1   17.4   79.7  82.1  77.5   4518   19.1  30.8  35.6  27.6  20:44
  13.0    0.0    0.0   9.3  13.9   7.0   97.3   17.4   79.9  82.1  77.5   4516   18.9  29.8  38.1  29.5  20:41
  14.0    0.0    0.0   9.3  13.9   7.0   97.5   17.5   80.0  82.1  77.5   4514   18.6  28.8  40.4  31.3  20:38
  15.0    0.0    0.0   9.3  13.9   7.0   97.6   17.5   80.1  82.1  77.5   4513   18.4  27.7  42.7  33.1  20:36
  16.0    0.0    0.0   9.3  13.9   7.0   97.7   17.5   80.2  82.1  77.5   4512   18.2  26.7  45.0  34.8  20:35
  17.0    0.0    0.0   9.3  13.9   7.0   97.8   17.5   80.3  82.1  77.5   4512   17.9  25.7  47.1  36.5  20:34
  18.0    0.0    0.0   9.3  13.9   7.0   97.8   17.5   80.3  82.1  77.5   4512   17.7  24.7  49.1  38.1  20:34
  19.0    0.0    0.0   9.3  13.9   7.0   97.7   17.5   80.2  82.1  77.5   4512   17.4  23.7  51.1  39.6  20:35
  20.0    0.0    0.0   9.3  13.9   7.0   97.6   17.5   80.1  82.1  77.5   4514   17.1  22.7  52.9  41.0  20:37
  21.0    0.0    0.0   9.3  13.9   7.0   97.3   17.4   79.8  82.1  77.5   4516   16.8  21.8  54.7  42.4  20:41
  22.0    0.0    0.0   9.2  13.8   7.0   96.9   17.3   79.5  82.1  77.5   4520   16.4  20.8  56.4  43.7  20:47
  23.0    0.0    0.0   9.2  13.7   7.0   96.4   17.2   79.1  82.1  77.6   4524   16.1  19.8  58.0  45.0  20:53
  24.0    0.0    0.1   9.1  13.6   7.0   95.8   17.1   78.6  82.1  77.6   4529   15.7  18.9  59.5  46.2  21:02
  25.0    0.0    0.1   9.1  13.5   7.0   95.1   17.0   78.1  82.1  77.6   4535   15.3  17.9  61.0  47.3  21:12
  26.0    0.0    0.1   9.0  13.4   7.0   94.4   16.9   77.5  82.1  77.7   4541   15.0  17.0  62.3  48.4  21:22
  27.0    0.0    0.1   8.9  13.3   7.0   93.5   16.7   76.8  82.1  77.7   4549   14.6  16.1  63.6  49.4  21:35
  28.0    0.0    0.1   8.8  13.1   7.0   92.5   16.5   75.9  82.1  77.8   4558   14.2  15.2  64.7  50.3  21:50
  29.0    0.0    0.1   8.7  13.0   7.0   91.4   16.3   75.0  82.1  77.8   4567   13.7  14.3  65.8  51.2  22:07
  30.0    0.0    0.1   8.6  12.8   7.1   90.1   16.1   74.0  82.1  77.9   4578   13.3  13.3  66.8  52.1  22:25
  31.0    0.0    0.1   8.4  12.6   7.1   88.8   15.9   72.9  82.1  77.9   4589   12.9  12.5  67.8  52.8  22:46
  32.0    0.0    0.1   8.3  12.4   7.1   87.4   15.7   71.8  82.1  78.0   4601   12.4  11.6  68.6  53.5  23:09
  33.0    0.0    0.1   8.1  12.2   7.1   85.9   15.4   70.5  82.0  78.0   4613   12.0  10.7  69.4  54.2  23:35
  34.0    0.0    0.1   8.0  11.9   7.1   84.3   15.2   69.1  82.0  78.1   4627   11.5   9.8  70.1  54.8  24:04
  35.0    0.0    0.1   7.8  11.6   7.1   82.5   14.9   67.6  81.9  78.1   4642   11.0   9.0  70.8  55.3  24:37
  36.0    0.0    0.1   7.6  11.3   7.1   80.5   14.6   65.9  81.9  78.1   4659   10.5   8.1  71.4  55.7  25:16
  37.0    0.0    0.1   7.4  11.0   7.1   78.4   14.3   64.1  81.8  78.1   4677   10.0   7.3  71.9  56.1  25:59
  38.0    0.0    0.1   7.2  10.7   7.1   76.0   14.0   62.1  81.6  78.1   4696    9.5   6.5  72.3  56.5  26:49
  39.0    0.0    0.1   6.9  10.3   7.1   73.5   13.6   59.9  81.5  78.1   4717    9.0   5.7  72.7  56.7  27:47
  40.0    0.0    0.1   6.7   9.9   7.1   70.9   13.3   57.6  81.2  78.0   4738    8.5   4.9  73.0  56.9  28:52
  41.0    0.0    0.2   6.4   9.5   7.2   68.0   13.0   55.1  81.0  77.8   4761    7.9   4.1  73.2  57.0  30:07
  42.0    0.0    0.2   6.1   9.1   7.2   65.0   12.6   52.4  80.6  77.7   4785    7.4   3.3  73.5  57.0  31:34
  43.0    0.0    0.2   5.8   8.6   7.2   61.9   12.3   49.6  80.2  77.4   4811    6.9   2.6  73.6  57.0  33:14
  44.0    0.0    0.2   5.5   8.1   7.2   58.6   12.0   46.6  79.6  77.0   4837    6.3   1.8  73.7  56.8  35:10
  45.0    0.0    0.2   5.1   7.6   7.2   55.1   11.6   43.5  78.9  76.5   4864    5.8   1.1  73.8  56.4  37:28
  46.0    0.0    0.2   4.8   7.1   7.2   51.5   11.3   40.2  78.0  75.8   4893    5.2   0.3  73.8  56.0  40:11
  47.0    0.0    0.2   4.4   6.6   7.2   47.7   11.0   36.7  76.9  74.8   4922    4.6  -0.4  73.8  55.2  43:27
  48.0    0.0    0.2   4.0   6.0   7.3   43.8   10.8   33.1  75.4  73.6   4953    4.1  -1.1  73.6  54.2  47:27
  49.0    0.0    0.2   3.7   5.5   7.3   39.7   10.5   29.2  73.6  71.9   4984    3.5  -1.8  73.2  52.6  52:27
  50.0    0.0    0.2   3.3   4.9   7.3   35.5   10.3   25.2  71.0  69.6   5016    3.0  -2.5  72.5  50.5  58:50
  51.0    0.1    0.2   2.9   4.3   7.3   31.1   10.1   21.1  67.6  66.5   5049    2.4  -3.2  71.7  47.7  67:16
  52.0    0.1    0.2   2.4   3.6   7.3   26.6    9.9   16.7  62.7  61.8   5084    1.8  -3.9  70.8  43.7  78:55
  53.0    0.1    0.3   2.0   3.0   7.3   21.9    9.8   12.2  55.4  54.7   5119    1.3  -4.5  69.7  38.1  95:58
  54.0    0.1    0.3   1.6   2.3   7.4   17.1    9.7    7.4  43.4  43.0   5155    0.8  -5.2  68.4  29.4 123:20
  55.0    0.1    0.3   1.1   1.6   7.4   12.2    9.6    2.5  20.8  20.7   5191    0.2  -5.8  67.1  13.9 174:02

Note: Motor performance calculations take ambient temperature and heating effects into account.

Generated by MotoCalc 8.09, 11/3/2020 4:32 PM.
