In-flight Analysis - Open UAS at 61% Throttle
5000ft above Sea Level, 29.92inHg, 41°F

Motor: BadAss 2826-790Kv; 790rpm/V; 2.16A no-load; 0.026 Ohms.
Battery: Kokam 3200SHD (20C); 3 cells; 3200mAh @ 3.7V; 0.008 Ohms/cell.
Speed Control: Generic Brushless ESC; 0.006 Ohms; High rate.
Drive System: APC 12x10-14x10; 13x10 (Pconst=1.17; Tconst=1) direct drive.
Airframe: OpenUAS; 1sq.in; 19oz RTF; 2730.2oz/sq.ft; Cd=0.084; Cl=0.38; Clopt=0.34; Clmax=1.08.
Stats: 105 W/lb in; 85 W/lb out; 273mph stall; 486mph opt; 459mph level; -9076ft/min @ -12.3°; -9076ft/min @ -12.3°.

AirSpd   Drag   Lift  Batt Motor Motor  Input   Loss MGbOut MotGb Shaft   Prop Thrust  PSpd  Prop Total   Time
 (mph)   (oz)   (oz)  Amps  Amps Volts    (W)    (W)    (W) Ef(%) Ef(%)    RPM   (oz) (mph) Ef(%) Ef(%)  (m:s)

   0.0    0.0    0.0  12.3  20.1   6.2  124.2   23.0  101.2  81.5  74.2   4448   28.6  42.1   0.0   0.0  15:38
   1.0    0.0    0.0  12.3  20.1   6.2  124.2   23.0  101.2  81.5  74.2   4448   28.3  41.1   3.5   2.6  15:38
   2.0    0.0    0.0  12.3  20.1   6.2  124.2   23.0  101.2  81.5  74.2   4448   27.9  40.1   6.8   5.1  15:38
   3.0    0.0    0.0  12.3  20.2   6.2  124.3   23.0  101.3  81.5  74.2   4447   27.6  39.1  10.1   7.5  15:37
   4.0    0.0    0.0  12.3  20.2   6.2  124.5   23.0  101.5  81.5  74.2   4445   27.3  38.1  13.4   9.9  15:35
   5.0    0.0    0.0  12.3  20.2   6.2  124.7   23.1  101.6  81.5  74.2   4444   27.0  37.1  16.5  12.2  15:34
   6.0    0.0    0.0  12.4  20.3   6.2  124.9   23.1  101.8  81.5  74.2   4442   26.8  36.1  19.6  14.5  15:32
   7.0    0.0    0.0  12.4  20.3   6.2  125.1   23.1  102.0  81.5  74.2   4440   26.5  35.0  22.5  16.7  15:30
   8.0    0.0    0.0  12.4  20.3   6.2  125.3   23.2  102.2  81.5  74.2   4438   26.2  34.0  25.4  18.9  15:28
   9.0    0.0    0.0  12.4  20.4   6.2  125.6   23.2  102.4  81.5  74.1   4436   25.9  33.0  28.2  20.9  15:26
  10.0    0.0    0.0  12.5  20.4   6.2  125.8   23.3  102.5  81.5  74.1   4434   25.6  32.0  31.0  23.0  15:24
  11.0    0.0    0.0  12.5  20.5   6.2  126.0   23.3  102.7  81.5  74.1   4432   25.3  31.0  33.6  24.9  15:23
  12.0    0.0    0.0  12.5  20.5   6.2  126.2   23.3  102.9  81.5  74.1   4431   25.0  30.0  36.2  26.8  15:21
  13.0    0.0    0.0  12.5  20.5   6.2  126.4   23.4  103.0  81.5  74.1   4430   24.7  28.9  38.7  28.6  15:20
  14.0    0.0    0.0  12.5  20.6   6.2  126.5   23.4  103.1  81.5  74.1   4428   24.4  27.9  41.1  30.4  15:19
  15.0    0.0    0.0  12.5  20.6   6.2  126.6   23.4  103.2  81.5  74.1   4428   24.1  26.9  43.4  32.1  15:18
  16.0    0.0    0.0  12.6  20.6   6.2  126.6   23.4  103.2  81.5  74.1   4427   23.7  25.9  45.6  33.8  15:18
  17.0    0.0    0.0  12.5  20.6   6.2  126.6   23.4  103.2  81.5  74.1   4428   23.4  24.9  47.7  35.4  15:18
  18.0    0.0    0.0  12.5  20.5   6.2  126.4   23.4  103.0  81.5  74.1   4430   23.0  23.9  49.8  36.9  15:20
  19.0    0.0    0.0  12.5  20.5   6.2  126.0   23.3  102.7  81.5  74.1   4432   22.5  23.0  51.7  38.3  15:23
  20.0    0.0    0.0  12.4  20.4   6.2  125.6   23.2  102.3  81.5  74.1   4436   22.1  22.0  53.5  39.7  15:26
  21.0    0.0    0.0  12.4  20.3   6.2  124.9   23.1  101.8  81.5  74.2   4441   21.6  21.1  55.3  41.0  15:32
  22.0    0.0    0.0  12.3  20.1   6.2  124.2   23.0  101.2  81.5  74.2   4448   21.1  20.1  57.0  42.3  15:38
  23.0    0.0    0.0  12.2  20.0   6.2  123.5   22.8  100.6  81.5  74.3   4454   20.7  19.2  58.6  43.5  15:44
  24.0    0.0    0.1  12.1  19.8   6.2  122.4   22.7   99.8  81.5  74.3   4462   20.1  18.3  60.0  44.6  15:53
  25.0    0.0    0.1  12.0  19.6   6.2  121.3   22.5   98.8  81.5  74.4   4472   19.6  17.3  61.4  45.7  16:03
  26.0    0.0    0.1  11.8  19.4   6.2  120.0   22.3   97.7  81.5  74.5   4482   19.0  16.4  62.7  46.7  16:14
  27.0    0.0    0.1  11.7  19.1   6.2  118.6   22.0   96.6  81.4  74.5   4494   18.4  15.6  63.9  47.7  16:27
  28.0    0.0    0.1  11.5  18.9   6.2  117.0   21.8   95.3  81.4  74.6   4506   17.9  14.7  65.1  48.6  16:41
  29.0    0.0    0.1  11.3  18.6   6.2  115.4   21.5   93.9  81.4  74.7   4520   17.3  13.8  66.1  49.4  16:57
  30.0    0.0    0.1  11.1  18.2   6.2  113.6   21.2   92.3  81.3  74.7   4535   16.7  12.9  67.1  50.2  17:15
  31.0    0.0    0.1  10.9  17.9   6.2  111.6   20.9   90.7  81.2  74.8   4550   16.0  12.1  68.0  50.9  17:35
  32.0    0.0    0.1  10.7  17.5   6.2  109.4   20.6   88.8  81.2  74.9   4568   15.4  11.3  68.8  51.5  17:59
  33.0    0.0    0.1  10.4  17.1   6.3  106.9   20.3   86.7  81.1  74.9   4588   14.7  10.4  69.5  52.1  18:26
  34.0    0.0    0.1  10.1  16.6   6.3  104.2   19.9   84.3  80.9  75.0   4609   14.0   9.6  70.2  52.6  18:56
  35.0    0.0    0.1   9.8  16.1   6.3  101.3   19.5   81.8  80.7  75.0   4632   13.3   8.9  70.8  53.1  19:32
  36.0    0.0    0.1   9.5  15.6   6.3   98.2   19.1   79.1  80.5  75.0   4656   12.6   8.1  71.3  53.5  20:12
  37.0    0.0    0.1   9.2  15.0   6.3   94.8   18.7   76.1  80.3  74.9   4682   11.9   7.3  71.8  53.8  20:59
  38.0    0.0    0.1   8.8  14.4   6.3   91.3   18.3   73.0  79.9  74.8   4709   11.2   6.6  72.2  54.0  21:52
  39.0    0.0    0.1   8.4  13.8   6.4   87.5   17.9   69.6  79.5  74.7   4738   10.4   5.9  72.5  54.2  22:52
  40.0    0.0    0.1   8.0  13.1   6.4   83.5   17.5   66.0  79.0  74.4   4768    9.7   5.2  72.9  54.2  24:03
  41.0    0.0    0.2   7.6  12.4   6.4   79.3   17.1   62.1  78.4  74.1   4800    8.9   4.5  73.1  54.2  25:24
  42.0    0.0    0.2   7.1  11.7   6.4   74.9   16.8   58.1  77.6  73.6   4832    8.2   3.8  73.3  54.0  27:00
  43.0    0.0    0.2   6.6  10.9   6.4   70.2   16.4   53.8  76.6  72.9   4866    7.4   3.1  73.5  53.6  28:53
  44.0    0.0    0.2   6.2  10.1   6.5   65.4   16.1   49.3  75.4  72.1   4902    6.7   2.4  73.6  53.0  31:08
  45.0    0.0    0.2   5.7   9.3   6.5   60.3   15.7   44.6  73.9  70.9   4938    5.9   1.8  73.7  52.2  33:52
  46.0    0.0    0.2   5.2   8.4   6.5   55.1   15.5   39.6  71.9  69.2   4976    5.1   1.1  73.8  51.1  37:16
  47.0    0.0    0.2   4.6   7.6   6.5   49.6   15.2   34.4  69.4  67.0   5014    4.4   0.5  73.8  49.5  41:32
  48.0    0.0    0.2   4.1   6.7   6.6   43.9   15.0   28.9  65.9  63.9   5054    3.6  -0.1  73.8  47.2  47:05
  49.0    0.0    0.2   3.5   5.8   6.6   38.0   14.8   23.2  61.1  59.6   5094    2.8  -0.8  73.7  43.9  54:36
  50.0    0.0    0.2   2.9   4.8   6.6   31.9   14.6   17.3  54.2  53.0   5136    2.0  -1.4  73.4  38.9  65:18
  51.0    0.1    0.2   2.4   3.9   6.7   25.7   14.5   11.1  43.3  42.6   5179    1.3  -2.0  73.0  31.1  81:40
  52.0    0.1    0.2   1.7   2.9   6.7   19.1   14.5    4.6  24.3  24.0   5223    0.5  -2.5  72.5  17.4 109:57

Note: Motor performance calculations take ambient temperature and heating effects into account.

Generated by MotoCalc 8.09, 11/3/2020 12:15 PM.
