In-flight Analysis - Open UAS at 70% Throttle
5000ft above Sea Level, 29.92inHg, 41°F

Motor: BadAss 2826-690Kv; 690rpm/V; 1.45A no-load; 0.056 Ohms.
Battery: Kokam 3200SHD (20C); 3 cells; 3200mAh @ 3.7V; 0.008 Ohms/cell.
Speed Control: Generic Brushless ESC; 0.006 Ohms; High rate.
Drive System: APC 12x10-14x10; 13x10 (Pconst=1.17; Tconst=1) direct drive.
Airframe: OpenUAS; 1sq.in; 17.3oz RTF; 2497oz/sq.ft; Cd=0.084; Cl=0.38; Clopt=0.34; Clmax=1.08.
Stats: 111 W/lb in; 88 W/lb out; 262mph stall; 465mph opt; 439mph level; -8680ft/min @ -12.3°; -8680ft/min @ -12.3°.

AirSpd   Drag   Lift  Batt Motor Motor  Input   Loss MGbOut MotGb Shaft   Prop Thrust  PSpd  Prop Total   Time
 (mph)   (oz)   (oz)  Amps  Amps Volts    (W)    (W)    (W) Ef(%) Ef(%)    RPM   (oz) (mph) Ef(%) Ef(%)  (m:s)

   0.0    0.0    0.0  11.5  16.5   7.3  119.9   25.1   94.8  79.1  74.0   4353   27.4  41.2   0.0   0.0  16:38
   1.0    0.0    0.0  11.5  16.5   7.3  119.9   25.1   94.8  79.1  74.0   4353   27.1  40.2   3.5   2.6  16:38
   2.0    0.0    0.0  11.5  16.5   7.3  120.0   25.1   94.9  79.1  74.0   4352   26.7  39.2   7.0   5.2  16:38
   3.0    0.0    0.0  11.6  16.5   7.3  120.1   25.1   95.0  79.1  74.0   4351   26.4  38.2  10.4   7.7  16:37
   4.0    0.0    0.0  11.6  16.5   7.3  120.3   25.2   95.1  79.1  74.0   4350   26.1  37.2  13.6  10.1  16:35
   5.0    0.0    0.0  11.6  16.6   7.3  120.4   25.2   95.2  79.1  74.0   4348   25.9  36.2  16.8  12.5  16:34
   6.0    0.0    0.0  11.6  16.6   7.3  120.7   25.3   95.4  79.0  74.0   4346   25.6  35.2  20.0  14.8  16:32
   7.0    0.0    0.0  11.6  16.6   7.3  120.9   25.4   95.5  79.0  74.0   4344   25.3  34.1  23.0  17.0  16:30
   8.0    0.0    0.0  11.7  16.7   7.3  121.1   25.4   95.7  79.0  73.9   4341   25.0  33.1  25.9  19.2  16:28
   9.0    0.0    0.0  11.7  16.7   7.3  121.3   25.5   95.9  79.0  73.9   4339   24.7  32.1  28.8  21.3  16:26
  10.0    0.0    0.0  11.7  16.7   7.3  121.6   25.6   96.0  79.0  73.9   4337   24.4  31.1  31.6  23.3  16:24
  11.0    0.0    0.0  11.7  16.8   7.3  121.8   25.6   96.2  79.0  73.9   4335   24.1  30.1  34.3  25.3  16:22
  12.0    0.0    0.0  11.7  16.8   7.3  121.9   25.7   96.3  79.0  73.8   4333   23.8  29.0  36.9  27.2  16:21
  13.0    0.0    0.0  11.8  16.8   7.3  122.1   25.7   96.4  78.9  73.8   4332   23.5  28.0  39.4  29.1  16:19
  14.0    0.0    0.0  11.8  16.8   7.3  122.2   25.7   96.5  78.9  73.8   4331   23.2  27.0  41.8  30.8  16:18
  15.0    0.0    0.0  11.8  16.8   7.3  122.3   25.8   96.5  78.9  73.8   4330   22.9  26.0  44.1  32.6  16:18
  16.0    0.0    0.0  11.8  16.8   7.3  122.3   25.8   96.5  78.9  73.8   4330   22.6  25.0  46.4  34.2  16:18
  17.0    0.0    0.0  11.8  16.8   7.3  122.2   25.7   96.4  78.9  73.8   4331   22.2  24.0  48.5  35.8  16:19
  18.0    0.0    0.0  11.7  16.8   7.3  121.9   25.7   96.3  79.0  73.8   4333   21.8  23.0  50.6  37.3  16:21
  19.0    0.0    0.0  11.7  16.7   7.3  121.5   25.5   96.0  79.0  73.9   4337   21.4  22.1  52.5  38.8  16:24
  20.0    0.0    0.0  11.7  16.6   7.3  121.0   25.4   95.6  79.0  73.9   4342   21.0  21.1  54.3  40.2  16:29
  21.0    0.0    0.0  11.6  16.5   7.3  120.4   25.2   95.2  79.1  74.0   4349   20.5  20.2  56.1  41.5  16:34
  22.0    0.0    0.0  11.5  16.5   7.3  119.7   25.0   94.7  79.1  74.1   4355   20.0  19.2  57.7  42.8  16:40
  23.0    0.0    0.0  11.4  16.3   7.3  118.8   24.8   94.0  79.1  74.2   4364   19.5  18.3  59.3  44.0  16:49
  24.0    0.0    0.1  11.3  16.2   7.3  117.7   24.5   93.2  79.2  74.3   4374   19.0  17.4  60.8  45.1  16:58
  25.0    0.0    0.1  11.2  16.0   7.3  116.5   24.2   92.4  79.3  74.4   4386   18.5  16.5  62.1  46.2  17:10
  26.0    0.0    0.1  11.1  15.8   7.3  115.2   23.8   91.4  79.3  74.5   4398   18.0  15.7  63.4  47.2  17:22
  27.0    0.0    0.1  10.9  15.6   7.3  113.8   23.4   90.3  79.4  74.6   4412   17.4  14.8  64.6  48.2  17:36
  28.0    0.0    0.1  10.7  15.4   7.3  112.2   23.0   89.2  79.5  74.8   4427   16.9  13.9  65.7  49.1  17:52
  29.0    0.0    0.1  10.6  15.1   7.3  110.5   22.6   87.9  79.6  74.9   4443   16.3  13.1  66.7  50.0  18:10
  30.0    0.0    0.1  10.4  14.8   7.3  108.7   22.1   86.5  79.6  75.1   4460   15.7  12.2  67.6  50.8  18:29
  31.0    0.0    0.1  10.2  14.5   7.3  106.6   21.6   85.0  79.7  75.2   4480   15.1  11.4  68.5  51.5  18:52
  32.0    0.0    0.1   9.9  14.2   7.3  104.3   21.1   83.2  79.8  75.4   4501   14.5  10.6  69.2  52.2  19:18
  33.0    0.0    0.1   9.7  13.8   7.4  101.8   20.6   81.3  79.8  75.5   4524   13.9   9.8  69.9  52.8  19:48
  34.0    0.0    0.1   9.4  13.5   7.4   99.1   20.0   79.2  79.9  75.7   4549   13.2   9.1  70.5  53.4  20:23
  35.0    0.0    0.1   9.1  13.0   7.4   96.2   19.4   76.8  79.9  75.8   4575   12.6   8.3  71.1  53.9  21:02
  36.0    0.0    0.1   8.8  12.6   7.4   93.1   18.7   74.3  79.9  76.0   4603   11.9   7.6  71.6  54.4  21:47
  37.0    0.0    0.1   8.5  12.1   7.4   89.8   18.1   71.6  79.8  76.1   4633   11.2   6.9  72.0  54.8  22:38
  38.0    0.0    0.1   8.1  11.6   7.4   86.2   17.5   68.7  79.7  76.1   4664   10.6   6.2  72.4  55.1  23:36
  39.0    0.0    0.1   7.8  11.1   7.4   82.5   16.9   65.6  79.6  76.2   4697    9.9   5.5  72.7  55.4  24:44
  40.0    0.0    0.1   7.4  10.5   7.5   78.6   16.2   62.3  79.3  76.1   4731    9.2   4.8  73.0  55.5  26:01
  41.0    0.0    0.2   7.0  10.0   7.5   74.5   15.6   58.8  79.0  76.0   4766    8.5   4.1  73.2  55.6  27:31
  42.0    0.0    0.2   6.6   9.4   7.5   70.2   15.0   55.1  78.6  75.7   4803    7.8   3.5  73.4  55.6  29:17
  43.0    0.0    0.2   6.1   8.7   7.5   65.7   14.5   51.2  78.0  75.3   4841    7.1   2.8  73.5  55.4  31:22
  44.0    0.0    0.2   5.7   8.1   7.5   61.0   13.9   47.0  77.1  74.7   4880    6.3   2.2  73.6  55.0  33:52
  45.0    0.0    0.2   5.2   7.4   7.5   56.1   13.4   42.7  76.1  73.9   4920    5.6   1.6  73.7  54.5  36:54
  46.0    0.0    0.2   4.7   6.7   7.6   51.1   13.0   38.1  74.6  72.7   4962    4.9   1.0  73.8  53.6  40:40
  47.0    0.0    0.2   4.2   6.0   7.6   45.8   12.5   33.3  72.6  70.9   5004    4.2   0.4  73.8  52.3  45:26
  48.0    0.0    0.2   3.7   5.3   7.6   40.4   12.2   28.2  69.9  68.4   5047    3.5  -0.2  73.8  50.5  51:40
  49.0    0.0    0.2   3.2   4.6   7.6   34.8   11.9   22.9  65.9  64.8   5092    2.8  -0.8  73.7  47.7  60:09
  50.0    0.0    0.2   2.7   3.8   7.7   29.0   11.6   17.4  60.1  59.2   5137    2.1  -1.3  73.4  43.5  72:19
  51.0    0.1    0.2   2.1   3.0   7.7   23.1   11.4   11.7  50.6  50.0   5184    1.4  -1.9  73.1  36.6  91:15
  52.0    0.1    0.2   1.5   2.2   7.7   17.0   11.3    5.7  33.6  33.3   5231    0.6  -2.5  72.6  24.2 124:32

Note: Motor performance calculations take ambient temperature and heating effects into account.

Generated by MotoCalc 8.09, 11/3/2020 11:56 AM.
