In-flight Analysis - Open UAS at 51% Throttle
5000ft above Sea Level, 29.92inHg, 41°F

Motor: Badass 3520-970kv; 970rpm/V; 2.99A no-load; 0.018 Ohms.
Battery: Kokam 3200SHD (20C); 3 cells; 3200mAh @ 3.7V; 0.008 Ohms/cell.
Speed Control: Generic Brushless ESC; 0.006 Ohms; High rate.
Drive System: APC 12x10-14x10; 13x10 (Pconst=1.17; Tconst=1) direct drive.
Airframe: OpenUAS; 1sq.in; 18.9oz RTF; 2720.2oz/sq.ft; Cd=0.084; Cl=0.38; Clopt=0.34; Clmax=1.08.
Stats: 101 W/lb in; 80 W/lb out; 273mph stall; 485mph opt; 459mph level; -9060ft/min @ -12.3°; -9060ft/min @ -12.3°.

AirSpd   Drag   Lift  Batt Motor Motor  Input   Loss MGbOut MotGb Shaft   Prop Thrust  PSpd  Prop Total   Time
 (mph)   (oz)   (oz)  Amps  Amps Volts    (W)    (W)    (W) Ef(%) Ef(%)    RPM   (oz) (mph) Ef(%) Ef(%)  (m:s)

   0.0    0.0    0.0  12.3  24.1   4.9  119.2   24.2   94.9  79.7  69.5   4354   27.4  41.2   0.0   0.0  15:36
   1.0    0.0    0.0  12.3  24.1   4.9  119.2   24.2   94.9  79.7  69.5   4354   27.1  40.2   3.5   2.5  15:36
   2.0    0.0    0.0  12.3  24.1   4.9  119.2   24.2   95.0  79.7  69.5   4354   26.8  39.2   7.0   4.9  15:35
   3.0    0.0    0.0  12.3  24.2   4.9  119.3   24.3   95.1  79.7  69.5   4353   26.5  38.2  10.4   7.2  15:34
   4.0    0.0    0.0  12.3  24.2   4.9  119.5   24.3   95.2  79.7  69.5   4351   26.2  37.2  13.6   9.5  15:33
   5.0    0.0    0.0  12.4  24.2   4.9  119.6   24.3   95.3  79.7  69.4   4349   25.9  36.2  16.8  11.7  15:32
   6.0    0.0    0.0  12.4  24.3   4.9  119.8   24.3   95.5  79.7  69.4   4347   25.6  35.2  19.9  13.8  15:30
   7.0    0.0    0.0  12.4  24.3   4.9  120.0   24.4   95.6  79.7  69.4   4345   25.3  34.1  23.0  15.9  15:28
   8.0    0.0    0.0  12.4  24.4   4.9  120.2   24.4   95.8  79.7  69.4   4343   25.0  33.1  25.9  18.0  15:26
   9.0    0.0    0.0  12.5  24.4   4.9  120.4   24.5   95.9  79.7  69.4   4340   24.7  32.1  28.8  20.0  15:25
  10.0    0.0    0.0  12.5  24.5   4.9  120.6   24.5   96.1  79.7  69.4   4338   24.5  31.1  31.6  21.9  15:23
  11.0    0.0    0.0  12.5  24.5   4.9  120.8   24.5   96.2  79.7  69.3   4336   24.2  30.1  34.2  23.7  15:21
  12.0    0.0    0.0  12.5  24.6   4.9  120.9   24.6   96.4  79.7  69.3   4334   23.9  29.0  36.8  25.5  15:20
  13.0    0.0    0.0  12.5  24.6   4.9  121.0   24.6   96.5  79.7  69.3   4333   23.6  28.0  39.4  27.3  15:19
  14.0    0.0    0.0  12.6  24.6   4.9  121.1   24.6   96.5  79.7  69.3   4332   23.2  27.0  41.8  29.0  15:18
  15.0    0.0    0.0  12.6  24.6   4.9  121.2   24.6   96.6  79.7  69.3   4331   22.9  26.0  44.1  30.6  15:17
  16.0    0.0    0.0  12.6  24.6   4.9  121.2   24.6   96.6  79.7  69.3   4331   22.6  25.0  46.4  32.1  15:17
  17.0    0.0    0.0  12.5  24.6   4.9  121.1   24.6   96.5  79.7  69.3   4332   22.2  24.0  48.5  33.6  15:18
  18.0    0.0    0.0  12.5  24.6   4.9  120.9   24.6   96.4  79.7  69.3   4334   21.8  23.0  50.5  35.0  15:20
  19.0    0.0    0.0  12.5  24.5   4.9  120.6   24.5   96.1  79.7  69.4   4338   21.4  22.1  52.5  36.4  15:23
  20.0    0.0    0.0  12.4  24.4   4.9  120.1   24.4   95.7  79.7  69.4   4343   21.0  21.1  54.3  37.7  15:27
  21.0    0.0    0.0  12.4  24.2   4.9  119.6   24.3   95.3  79.7  69.4   4350   20.5  20.2  56.1  38.9  15:32
  22.0    0.0    0.0  12.3  24.1   4.9  119.0   24.2   94.8  79.7  69.5   4357   20.1  19.3  57.7  40.1  15:38
  23.0    0.0    0.0  12.2  23.9   4.9  118.2   24.1   94.1  79.6  69.6   4366   19.6  18.3  59.3  41.2  15:45
  24.0    0.0    0.1  12.1  23.7   5.0  117.3   23.9   93.4  79.6  69.6   4376   19.1  17.4  60.7  42.3  15:54
  25.0    0.0    0.1  12.0  23.4   5.0  116.2   23.7   92.5  79.6  69.7   4388   18.5  16.6  62.1  43.3  16:03
  26.0    0.0    0.1  11.8  23.2   5.0  115.1   23.5   91.6  79.6  69.8   4401   18.0  15.7  63.4  44.2  16:15
  27.0    0.0    0.1  11.7  22.9   5.0  113.8   23.3   90.5  79.5  69.9   4415   17.5  14.8  64.6  45.1  16:27
  28.0    0.0    0.1  11.5  22.6   5.0  112.5   23.1   89.4  79.5  70.0   4430   16.9  14.0  65.6  45.9  16:41
  29.0    0.0    0.1  11.3  22.2   5.0  111.0   22.8   88.2  79.4  70.1   4446   16.3  13.1  66.7  46.7  16:56
  30.0    0.0    0.1  11.1  21.9   5.0  109.4   22.6   86.8  79.4  70.2   4464   15.8  12.3  67.6  47.4  17:14
  31.0    0.0    0.1  10.9  21.4   5.0  107.6   22.3   85.3  79.3  70.3   4484   15.2  11.5  68.4  48.1  17:33
  32.0    0.0    0.1  10.7  21.0   5.0  105.6   22.0   83.6  79.2  70.4   4506   14.6  10.7  69.2  48.7  17:56
  33.0    0.0    0.1  10.5  20.5   5.0  103.4   21.7   81.7  79.0  70.4   4529   14.0   9.9  69.9  49.2  18:22
  34.0    0.0    0.1  10.2  20.0   5.1  101.0   21.4   79.7  78.9  70.5   4555   13.3   9.1  70.5  49.7  18:52
  35.0    0.0    0.1   9.9  19.4   5.1   98.5   21.0   77.4  78.7  70.6   4582   12.7   8.4  71.1  50.1  19:25
  36.0    0.0    0.1   9.6  18.8   5.1   95.7   20.7   75.0  78.4  70.6   4611   12.0   7.7  71.5  50.5  20:03
  37.0    0.0    0.1   9.2  18.1   5.1   92.8   20.3   72.4  78.1  70.6   4642   11.4   7.0  72.0  50.8  20:46
  38.0    0.0    0.1   8.9  17.4   5.1   89.6   20.0   69.6  77.7  70.5   4674   10.7   6.3  72.3  51.0  21:35
  39.0    0.0    0.1   8.5  16.7   5.2   86.3   19.6   66.7  77.3  70.4   4708   10.0   5.6  72.7  51.2  22:30
  40.0    0.0    0.1   8.2  16.0   5.2   82.8   19.3   63.5  76.7  70.2   4743    9.3   4.9  72.9  51.2  23:33
  41.0    0.0    0.2   7.8  15.2   5.2   79.1   18.9   60.2  76.1  69.9   4780    8.7   4.3  73.2  51.2  24:46
  42.0    0.0    0.2   7.3  14.4   5.2   75.3   18.6   56.6  75.3  69.5   4818    8.0   3.6  73.3  51.0  26:09
  43.0    0.0    0.2   6.9  13.6   5.3   71.2   18.3   52.9  74.3  69.0   4858    7.3   3.0  73.5  50.7  27:46
  44.0    0.0    0.2   6.5  12.7   5.3   67.0   18.0   49.0  73.1  68.2   4898    6.6   2.4  73.6  50.2  29:40
  45.0    0.0    0.2   6.0  11.8   5.3   62.6   17.8   44.8  71.6  67.2   4940    5.9   1.8  73.7  49.5  31:55
  46.0    0.0    0.2   5.5  10.9   5.3   58.0   17.5   40.5  69.8  65.8   4984    5.2   1.2  73.8  48.5  34:38
  47.0    0.0    0.2   5.1   9.9   5.4   53.2   17.3   36.0  67.5  64.0   5028    4.6   0.6  73.8  47.2  37:56
  48.0    0.0    0.2   4.6   9.0   5.4   48.3   17.1   31.2  64.6  61.5   5073    3.9   0.0  73.8  45.4  42:03
  49.0    0.0    0.2   4.1   8.0   5.4   43.1   16.9   26.2  60.8  58.2   5120    3.2  -0.5  73.8  42.9  47:19
  50.0    0.0    0.2   3.5   6.9   5.5   37.8   16.8   21.0  55.6  53.5   5168    2.5  -1.1  73.6  39.4  54:17
  51.0    0.1    0.2   3.0   5.9   5.5   32.3   16.7   15.6  48.3  46.8   5216    1.8  -1.6  73.3  34.3  63:54
  52.0    0.1    0.2   2.5   4.8   5.5   26.6   16.7   10.0  37.5  36.5   5266    1.1  -2.1  72.9  26.6  77:58
  53.0    0.1    0.3   1.9   3.7   5.5   20.7   16.6    4.1  19.8  19.4   5317    0.5  -2.6  72.5  14.1 100:41

Note: Motor performance calculations take ambient temperature and heating effects into account.

Generated by MotoCalc 8.09, 11/3/2020 12:22 PM.
