In-flight Analysis - Open UAS at 55% Throttle
5000ft above Sea Level, 29.92inHg, 41°F

Motor: BadAss 2826-710Kv; 710rpm/V; 1.3A no-load; 0.047 Ohms.
Battery: Kokam 3200SHD (20C); 3 cells; 3200mAh @ 3.7V; 0.008 Ohms/cell.
Speed Control: Generic Brushless ESC; 0.006 Ohms; High rate.
Drive System: APC 12x10-14x10; 14x12 (Pconst=1.17; Tconst=1) direct drive.
Airframe: OpenUAS; 1sq.in; 17.5oz RTF; 2517.1oz/sq.ft; Cd=0.084; Cl=0.38; Clopt=0.34; Clmax=1.08.
Stats: 85 W/lb in; 67 W/lb out; 263mph stall; 467mph opt; 441mph level; -8715ft/min @ -12.3°; -8715ft/min @ -12.3°.

AirSpd   Drag   Lift  Batt Motor Motor  Input   Loss MGbOut MotGb Shaft   Prop Thrust  PSpd  Prop Total   Time
 (mph)   (oz)   (oz)  Amps  Amps Volts    (W)    (W)    (W) Ef(%) Ef(%)    RPM   (oz) (mph) Ef(%) Ef(%)  (m:s)

   0.0    0.0    0.0   9.2  16.6   5.6   93.3   19.6   73.7  79.0  72.6   3412   23.5  38.8   0.0   0.0  20:59
   1.0    0.0    0.0   9.2  16.6   5.6   93.3   19.6   73.7  79.0  72.6   3412   23.2  37.8   3.9   2.8  20:59
   2.0    0.0    0.0   9.2  16.7   5.6   93.4   19.6   73.8  79.0  72.6   3411   23.0  36.8   7.7   5.6  20:58
   3.0    0.0    0.0   9.2  16.7   5.6   93.5   19.6   73.9  79.0  72.5   3410   22.7  35.7  11.4   8.3  20:56
   4.0    0.0    0.0   9.2  16.7   5.6   93.6   19.7   74.0  79.0  72.5   3408   22.4  34.7  15.0  10.9  20:53
   5.0    0.0    0.0   9.2  16.8   5.6   93.8   19.7   74.1  79.0  72.5   3406   22.2  33.7  18.6  13.4  20:50
   6.0    0.0    0.0   9.2  16.8   5.6   94.1   19.8   74.3  78.9  72.4   3403   21.9  32.7  22.0  15.9  20:47
   7.0    0.0    0.0   9.3  16.8   5.6   94.3   19.9   74.4  78.9  72.4   3400   21.7  31.6  25.3  18.3  20:44
   8.0    0.0    0.0   9.3  16.9   5.6   94.5   20.0   74.6  78.9  72.3   3397   21.4  30.6  28.5  20.6  20:40
   9.0    0.0    0.0   9.3  16.9   5.6   94.8   20.0   74.8  78.9  72.3   3395   21.2  29.6  31.6  22.9  20:37
  10.0    0.0    0.0   9.3  17.0   5.6   95.0   20.1   74.9  78.8  72.3   3392   20.9  28.5  34.7  25.0  20:33
  11.0    0.0    0.0   9.4  17.0   5.6   95.3   20.2   75.1  78.8  72.2   3389   20.7  27.5  37.6  27.1  20:30
  12.0    0.0    0.0   9.4  17.1   5.6   95.5   20.2   75.2  78.8  72.2   3387   20.4  26.5  40.4  29.2  20:27
  13.0    0.0    0.0   9.4  17.1   5.6   95.6   20.3   75.3  78.8  72.2   3385   20.1  25.5  43.1  31.1  20:25
  14.0    0.0    0.0   9.4  17.1   5.6   95.8   20.4   75.4  78.8  72.1   3383   19.9  24.4  45.7  33.0  20:23
  15.0    0.0    0.0   9.4  17.2   5.6   95.9   20.4   75.5  78.7  72.1   3382   19.6  23.4  48.2  34.8  20:21
  16.0    0.0    0.0   9.4  17.2   5.6   95.9   20.4   75.5  78.7  72.1   3381   19.3  22.4  50.6  36.5  20:20
  17.0    0.0    0.0   9.4  17.2   5.6   95.9   20.4   75.5  78.7  72.1   3381   19.0  21.4  52.9  38.1  20:21
  18.0    0.0    0.0   9.4  17.1   5.6   95.8   20.4   75.5  78.7  72.1   3382   18.6  20.4  55.1  39.7  20:22
  19.0    0.0    0.0   9.4  17.1   5.6   95.6   20.3   75.3  78.8  72.2   3385   18.3  19.5  57.1  41.2  20:25
  20.0    0.0    0.0   9.4  17.0   5.6   95.3   20.2   75.1  78.8  72.2   3389   17.9  18.5  59.0  42.6  20:30
  21.0    0.0    0.0   9.3  17.0   5.6   94.9   20.1   74.8  78.9  72.3   3394   17.5  17.6  60.8  44.0  20:36
  22.0    0.0    0.0   9.3  16.9   5.6   94.4   19.9   74.5  78.9  72.4   3400   17.1  16.6  62.5  45.3  20:43
  23.0    0.0    0.0   9.2  16.7   5.6   93.7   19.7   74.0  79.0  72.5   3407   16.6  15.7  64.1  46.5  20:52
  24.0    0.0    0.1   9.1  16.6   5.6   93.1   19.5   73.6  79.0  72.6   3414   16.2  14.8  65.6  47.6  21:01
  25.0    0.0    0.1   9.0  16.5   5.6   92.3   19.3   73.0  79.1  72.7   3423   15.8  13.9  67.0  48.7  21:13
  26.0    0.0    0.1   9.0  16.3   5.6   91.4   19.0   72.4  79.2  72.9   3434   15.3  13.0  68.2  49.7  21:27
  27.0    0.0    0.1   8.8  16.1   5.6   90.4   18.7   71.7  79.3  73.0   3445   14.9  12.1  69.4  50.7  21:43
  28.0    0.0    0.1   8.7  15.9   5.6   89.3   18.4   70.9  79.4  73.2   3457   14.4  11.3  70.4  51.6  22:00
  29.0    0.0    0.1   8.6  15.6   5.6   88.1   18.0   70.1  79.5  73.4   3471   13.9  10.4  71.4  52.4  22:19
  30.0    0.0    0.1   8.5  15.4   5.6   86.9   17.7   69.2  79.6  73.6   3485   13.4   9.6  72.2  53.2  22:41
  31.0    0.0    0.1   8.3  15.1   5.7   85.5   17.3   68.2  79.7  73.8   3500   12.9   8.8  73.0  53.9  23:04
  32.0    0.0    0.1   8.2  14.8   5.7   84.0   16.9   67.1  79.9  74.0   3517   12.5   8.0  73.7  54.6  23:31
  33.0    0.0    0.1   8.0  14.5   5.7   82.4   16.5   65.9  80.0  74.3   3535   12.0   7.2  74.3  55.2  24:02
  34.0    0.0    0.1   7.8  14.2   5.7   80.5   16.0   64.5  80.1  74.5   3555   11.4   6.4  74.8  55.7  24:37
  35.0    0.0    0.1   7.6  13.8   5.7   78.6   15.6   63.0  80.2  74.7   3576   10.9   5.6  75.3  56.3  25:17
  36.0    0.0    0.1   7.4  13.4   5.7   76.5   15.1   61.4  80.3  75.0   3599   10.4   4.9  75.6  56.7  26:02
  37.0    0.0    0.1   7.1  13.0   5.7   74.2   14.6   59.6  80.3  75.2   3623    9.9   4.2  76.0  57.1  26:53
  38.0    0.0    0.1   6.9  12.5   5.7   71.8   14.1   57.8  80.4  75.4   3649    9.3   3.5  76.2  57.5  27:51
  39.0    0.0    0.1   6.6  12.1   5.7   69.3   13.6   55.7  80.4  75.7   3675    8.8   2.8  76.4  57.8  28:56
  40.0    0.0    0.1   6.4  11.6   5.8   66.6   13.1   53.6  80.4  75.8   3703    8.3   2.1  76.6  58.1  30:10
  41.0    0.0    0.2   6.1  11.1   5.8   63.8   12.5   51.3  80.3  76.0   3732    7.7   1.4  76.7  58.2  31:35
  42.0    0.0    0.2   5.8  10.5   5.8   60.9   12.0   48.8  80.2  76.1   3762    7.2   0.8  76.7  58.4  33:13
  43.0    0.0    0.2   5.5  10.0   5.8   57.8   11.6   46.2  80.0  76.1   3794    6.7   0.1  76.8  58.4  35:05
  44.0    0.0    0.2   5.2   9.4   5.8   54.6   11.1   43.5  79.7  76.0   3826    6.1  -0.5  76.7  58.3  37:15
  45.0    0.0    0.2   4.8   8.8   5.8   51.2   10.6   40.6  79.2  75.8   3859    5.6  -1.1  76.4  57.9  39:49
  46.0    0.0    0.2   4.5   8.1   5.9   47.8   10.2   37.6  78.6  75.5   3893    5.0  -1.8  76.0  57.3  42:51
  47.0    0.0    0.2   4.1   7.5   5.9   44.2    9.8   34.4  77.8  74.9   3928    4.4  -2.4  75.4  56.5  46:29
  48.0    0.0    0.2   3.8   6.9   5.9   40.4    9.4   31.0  76.7  74.1   3964    3.9  -3.0  74.6  55.3  50:56
  49.0    0.0    0.2   3.4   6.2   5.9   36.6    9.1   27.5  75.2  72.9   4001    3.3  -3.5  73.7  53.7  56:30
  50.0    0.0    0.2   3.0   5.5   5.9   32.6    8.8   23.8  73.1  71.1   4038    2.8  -4.1  72.8  51.7  63:36
  51.0    0.1    0.2   2.6   4.8   6.0   28.5    8.5   20.0  70.1  68.5   4077    2.3  -4.7  71.7  49.1  73:00
  52.0    0.1    0.2   2.2   4.1   6.0   24.3    8.3   16.0  65.8  64.5   4116    1.7  -5.2  70.5  45.5  86:02
  53.0    0.1    0.3   1.8   3.3   6.0   19.9    8.1   11.8  59.3  58.3   4156    1.2  -5.8  69.3  40.4 105:09
  54.0    0.1    0.3   1.4   2.6   6.0   15.5    8.0    7.5  48.4  47.8   4196    0.8  -6.3  68.0  32.5 135:58
  55.0    0.1    0.3   1.0   1.8   6.1   10.9    7.9    3.0  27.5  27.2   4237    0.3  -6.8  66.7  18.2 193:42

Note: Motor performance calculations take ambient temperature and heating effects into account.

Generated by MotoCalc 8.09, 11/3/2020 4:34 PM.
