In-flight Analysis - Open UAS at 86% Throttle
5000ft above Sea Level, 29.92inHg, 41°F

Motor: BadAss 2826-560Kv; 560rpm/V; 1.45A no-load; 0.045 Ohms.
Battery: Kokam 3200SHD (20C); 3 cells; 3200mAh @ 3.7V; 0.008 Ohms/cell.
Speed Control: Generic Brushless ESC; 0.006 Ohms; High rate.
Drive System: APC 12x10-14x10; 14x10 (Pconst=1.17; Tconst=1) direct drive.
Airframe: OpenUAS; 1sq.in; 19oz RTF; 2740.3oz/sq.ft; Cd=0.084; Cl=0.38; Clopt=0.34; Clmax=1.08.
Stats: 144 W/lb in; 120 W/lb out; 274mph stall; 487mph opt; 460mph level; -9093ft/min @ -12.3°; -9093ft/min @ -12.3°.

AirSpd   Drag   Lift  Batt Motor Motor  Input   Loss MGbOut MotGb Shaft   Prop Thrust  PSpd  Prop Total   Time
 (mph)   (oz)   (oz)  Amps  Amps Volts    (W)    (W)    (W) Ef(%) Ef(%)    RPM   (oz) (mph) Ef(%) Ef(%)  (m:s)

   0.0    0.0    0.0  16.5  19.1   9.0  171.8   28.9  142.8  83.1  78.1   4520   39.5  42.8   0.0   0.0  11:40
   1.0    0.0    0.0  16.5  19.1   9.0  171.8   28.9  142.8  83.1  78.1   4520   39.0  41.8   3.4   2.6  11:40
   2.0    0.0    0.0  16.5  19.1   9.0  171.8   29.0  142.8  83.1  78.1   4520   38.6  40.8   6.7   5.2  11:40
   3.0    0.0    0.0  16.5  19.2   9.0  171.9   29.0  143.0  83.1  78.1   4519   38.2  39.8   9.9   7.8  11:39
   4.0    0.0    0.0  16.5  19.2   9.0  172.1   29.0  143.1  83.1  78.1   4518   37.8  38.8  13.1  10.2  11:38
   5.0    0.0    0.0  16.5  19.2   9.0  172.4   29.1  143.3  83.1  78.1   4516   37.3  37.8  16.2  12.6  11:37
   6.0    0.0    0.0  16.6  19.2   9.0  172.6   29.1  143.5  83.1  78.1   4515   36.9  36.8  19.2  15.0  11:36
   7.0    0.0    0.0  16.6  19.3   9.0  172.9   29.2  143.7  83.1  78.1   4513   36.6  35.7  22.1  17.2  11:35
   8.0    0.0    0.0  16.6  19.3   9.0  173.2   29.3  143.9  83.1  78.1   4512   36.2  34.7  24.9  19.5  11:34
   9.0    0.0    0.0  16.6  19.3   9.0  173.4   29.3  144.1  83.1  78.0   4510   35.7  33.7  27.7  21.6  11:32
  10.0    0.0    0.0  16.7  19.4   9.0  173.7   29.4  144.3  83.1  78.0   4509   35.3  32.7  30.4  23.7  11:31
  11.0    0.0    0.0  16.7  19.4   9.0  173.9   29.4  144.5  83.1  78.0   4508   34.9  31.7  33.0  25.7  11:30
  12.0    0.0    0.0  16.7  19.4   9.0  174.1   29.5  144.7  83.1  78.0   4507   34.5  30.7  35.5  27.7  11:29
  13.0    0.0    0.0  16.7  19.4   9.0  174.3   29.5  144.8  83.1  78.0   4506   34.1  29.7  37.9  29.6  11:29
  14.0    0.0    0.0  16.7  19.5   9.0  174.4   29.5  144.9  83.1  78.0   4505   33.6  28.7  40.3  31.4  11:28
  15.0    0.0    0.0  16.7  19.5   9.0  174.5   29.5  144.9  83.1  78.0   4505   33.2  27.7  42.5  33.2  11:28
  16.0    0.0    0.0  16.7  19.5   9.0  174.4   29.5  144.9  83.1  78.0   4505   32.7  26.7  44.7  34.9  11:28
  17.0    0.0    0.0  16.7  19.4   9.0  174.1   29.5  144.7  83.1  78.0   4507   32.1  25.7  46.8  36.5  11:30
  18.0    0.0    0.0  16.7  19.4   9.0  173.6   29.3  144.3  83.1  78.0   4509   31.6  24.7  48.8  38.1  11:32
  19.0    0.0    0.0  16.6  19.3   9.0  172.9   29.2  143.7  83.1  78.1   4513   31.0  23.7  50.8  39.6  11:35
  20.0    0.0    0.0  16.5  19.2   9.0  171.9   29.0  143.0  83.1  78.1   4519   30.3  22.8  52.6  41.1  11:39
  21.0    0.0    0.0  16.4  19.1   9.0  171.0   28.8  142.2  83.2  78.2   4524   29.7  21.8  54.3  42.5  11:43
  22.0    0.0    0.0  16.2  18.9   9.0  169.6   28.5  141.1  83.2  78.3   4531   29.0  20.9  56.0  43.8  11:49
  23.0    0.0    0.0  16.1  18.7   9.0  168.0   28.2  139.9  83.2  78.3   4540   28.2  20.0  57.5  45.1  11:56
  24.0    0.0    0.1  15.9  18.5   9.0  166.2   27.8  138.4  83.3  78.4   4550   27.4  19.1  59.0  46.3  12:04
  25.0    0.0    0.1  15.7  18.3   9.0  164.2   27.4  136.8  83.3  78.5   4561   26.7  18.2  60.4  47.4  12:14
  26.0    0.0    0.1  15.5  18.0   9.0  162.0   27.0  135.1  83.4  78.6   4572   25.8  17.3  61.7  48.5  12:25
  27.0    0.0    0.1  15.2  17.7   9.0  159.6   26.5  133.1  83.4  78.8   4585   25.0  16.4  62.9  49.5  12:37
  28.0    0.0    0.1  15.0  17.4   9.0  157.0   26.0  131.0  83.4  78.9   4599   24.2  15.6  64.0  50.5  12:50
  29.0    0.0    0.1  14.7  17.1   9.0  154.1   25.5  128.6  83.5  79.0   4615   23.3  14.7  65.1  51.4  13:05
  30.0    0.0    0.1  14.3  16.7   9.0  150.9   24.9  126.0  83.5  79.1   4632   22.4  13.9  66.1  52.3  13:23
  31.0    0.0    0.1  14.0  16.3   9.1  147.3   24.3  123.0  83.5  79.2   4651   21.4  13.0  67.0  53.1  13:44
  32.0    0.0    0.1  13.6  15.8   9.1  143.3   23.6  119.7  83.5  79.4   4671   20.4  12.2  67.8  53.8  14:08
  33.0    0.0    0.1  13.2  15.3   9.1  139.0   22.9  116.0  83.5  79.5   4694   19.4  11.4  68.5  54.5  14:36
  34.0    0.0    0.1  12.7  14.8   9.1  134.3   22.2  112.1  83.4  79.6   4718   18.4  10.7  69.2  55.1  15:08
  35.0    0.0    0.1  12.2  14.2   9.1  129.3   21.5  107.8  83.4  79.7   4743   17.3   9.9  69.8  55.6  15:45
  36.0    0.0    0.1  11.7  13.6   9.1  123.9   20.8  103.1  83.2  79.7   4771   16.3   9.2  70.4  56.1  16:28
  37.0    0.0    0.1  11.1  12.9   9.2  118.2   20.0   98.1  83.1  79.7   4799   15.2   8.4  70.9  56.5  17:18
  38.0    0.0    0.1  10.5  12.2   9.2  112.1   19.3   92.8  82.8  79.6   4829   14.0   7.7  71.3  56.8  18:17
  39.0    0.0    0.1   9.9  11.5   9.2  105.7   18.6   87.1  82.4  79.4   4860   12.9   7.0  71.7  57.0  19:26
  40.0    0.0    0.1   9.2  10.7   9.2   99.0   17.9   81.1  81.9  79.2   4893   11.8   6.3  72.0  57.0  20:49
  41.0    0.0    0.2   8.5   9.9   9.2   91.9   17.2   74.7  81.3  78.7   4927   10.6   5.7  72.3  56.9  22:28
  42.0    0.0    0.2   7.8   9.1   9.3   84.5   16.6   67.9  80.4  78.1   4962    9.5   5.0  72.6  56.7  24:29
  43.0    0.0    0.2   7.1   8.3   9.3   76.8   16.0   60.8  79.2  77.1   4999    8.3   4.3  72.8  56.1  27:01
  44.0    0.0    0.2   6.3   7.4   9.3   68.8   15.5   53.3  77.5  75.7   5036    7.1   3.7  73.0  55.2  30:16
  45.0    0.0    0.2   5.6   6.5   9.4   60.4   15.0   45.4  75.2  73.6   5075    6.0   3.1  73.1  53.8  34:33
  46.0    0.0    0.2   4.7   5.5   9.4   51.8   14.6   37.2  71.8  70.5   5115    4.8   2.4  73.2  51.6  40:28
  47.0    0.0    0.2   3.9   4.5   9.4   42.8   14.3   28.5  66.6  65.7   5155    3.6   1.8  73.3  48.1  49:07
  48.0    0.0    0.2   3.0   3.5   9.4   33.5   14.0   19.5  58.1  57.5   5197    2.4   1.2  73.4  42.2  62:58
  49.0    0.0    0.2   2.2   2.5   9.5   23.9   13.9   10.0  42.0  41.6   5240    1.2   0.6  73.4  30.6  88:36

Note: Motor performance calculations take ambient temperature and heating effects into account.

Generated by MotoCalc 8.09, 11/3/2020 12:05 PM.
