In-flight Analysis - Open UAS at 74% Throttle
5000ft above Sea Level, 29.92inHg, 41°F

Motor: Badass 3520-650kv; 650rpm/V; 1.58A no-load; 0.032 Ohms.
Battery: Kokam 3200SHD (20C); 3 cells; 3200mAh @ 3.7V; 0.008 Ohms/cell.
Speed Control: Generic Brushless ESC; 0.006 Ohms; High rate.
Drive System: APC 12x10-14x10; 14x10 (Pconst=1.17; Tconst=1) direct drive.
Airframe: OpenUAS; 1sq.in; 19.1oz RTF; 2746.1oz/sq.ft; Cd=0.084; Cl=0.38; Clopt=0.34; Clmax=1.08.
Stats: 137 W/lb in; 115 W/lb out; 274mph stall; 487mph opt; 461mph level; -9103ft/min @ -12.3°; -9103ft/min @ -12.3°.

AirSpd   Drag   Lift  Batt Motor Motor  Input   Loss MGbOut MotGb Shaft   Prop Thrust  PSpd  Prop Total   Time
 (mph)   (oz)   (oz)  Amps  Amps Volts    (W)    (W)    (W) Ef(%) Ef(%)    RPM   (oz) (mph) Ef(%) Ef(%)  (m:s)

   0.0    0.0    0.0  15.9  21.5   7.6  163.0   26.2  136.8  83.9  77.3   4455   38.4  42.2   0.0   0.0  12:03
   1.0    0.0    0.0  15.9  21.5   7.6  163.0   26.2  136.8  83.9  77.3   4455   37.9  41.2   3.4   2.7  12:03
   2.0    0.0    0.0  15.9  21.5   7.6  163.0   26.2  136.8  83.9  77.3   4455   37.5  40.2   6.8   5.3  12:03
   3.0    0.0    0.0  16.0  21.6   7.6  163.2   26.2  136.9  83.9  77.3   4454   37.1  39.2  10.1   7.8  12:02
   4.0    0.0    0.0  16.0  21.6   7.6  163.3   26.3  137.1  83.9  77.3   4453   36.7  38.2  13.3  10.3  12:01
   5.0    0.0    0.0  16.0  21.6   7.6  163.6   26.3  137.3  83.9  77.3   4452   36.3  37.2  16.4  12.7  12:00
   6.0    0.0    0.0  16.0  21.7   7.6  163.8   26.4  137.4  83.9  77.3   4450   35.9  36.1  19.4  15.0  11:59
   7.0    0.0    0.0  16.1  21.7   7.6  164.1   26.4  137.6  83.9  77.3   4449   35.5  35.1  22.4  17.3  11:58
   8.0    0.0    0.0  16.1  21.7   7.6  164.3   26.5  137.8  83.9  77.2   4447   35.1  34.1  25.2  19.5  11:56
   9.0    0.0    0.0  16.1  21.8   7.6  164.6   26.5  138.0  83.9  77.2   4445   34.7  33.1  28.0  21.6  11:55
  10.0    0.0    0.0  16.1  21.8   7.6  164.8   26.6  138.2  83.9  77.2   4444   34.3  32.1  30.7  23.7  11:54
  11.0    0.0    0.0  16.2  21.8   7.6  165.0   26.6  138.4  83.9  77.2   4443   33.9  31.1  33.4  25.8  11:53
  12.0    0.0    0.0  16.2  21.9   7.6  165.2   26.6  138.5  83.9  77.2   4441   33.4  30.1  35.9  27.7  11:52
  13.0    0.0    0.0  16.2  21.9   7.6  165.3   26.7  138.7  83.9  77.2   4441   33.0  29.1  38.4  29.6  11:52
  14.0    0.0    0.0  16.2  21.9   7.6  165.4   26.7  138.7  83.9  77.2   4440   32.6  28.0  40.7  31.4  11:51
  15.0    0.0    0.0  16.2  21.9   7.6  165.5   26.7  138.8  83.9  77.2   4440   32.1  27.0  43.0  33.2  11:51
  16.0    0.0    0.0  16.2  21.9   7.6  165.4   26.7  138.7  83.9  77.2   4440   31.6  26.1  45.2  34.9  11:51
  17.0    0.0    0.0  16.2  21.8   7.6  165.1   26.6  138.4  83.9  77.2   4442   31.1  25.1  47.3  36.5  11:53
  18.0    0.0    0.0  16.1  21.8   7.6  164.5   26.5  138.0  83.9  77.2   4446   30.5  24.1  49.4  38.1  11:55
  19.0    0.0    0.0  16.0  21.7   7.6  163.8   26.4  137.4  83.9  77.3   4450   29.9  23.1  51.3  39.6  11:59
  20.0    0.0    0.0  15.9  21.5   7.6  163.0   26.2  136.8  83.9  77.3   4455   29.3  22.2  53.1  41.1  12:03
  21.0    0.0    0.0  15.8  21.4   7.6  161.9   26.0  135.9  84.0  77.4   4462   28.6  21.3  54.8  42.4  12:08
  22.0    0.0    0.0  15.7  21.2   7.6  160.6   25.7  134.9  84.0  77.5   4470   27.9  20.3  56.5  43.8  12:15
  23.0    0.0    0.0  15.5  21.0   7.6  159.1   25.4  133.6  84.0  77.6   4480   27.2  19.4  58.0  45.0  12:22
  24.0    0.0    0.1  15.3  20.7   7.6  157.4   25.1  132.3  84.1  77.7   4490   26.4  18.5  59.5  46.2  12:31
  25.0    0.0    0.1  15.1  20.5   7.6  155.4   24.7  130.7  84.1  77.8   4502   25.7  17.6  60.9  47.3  12:41
  26.0    0.0    0.1  14.9  20.1   7.6  153.3   24.3  129.0  84.1  77.9   4515   24.9  16.8  62.1  48.4  12:53
  27.0    0.0    0.1  14.7  19.8   7.6  151.0   23.9  127.1  84.2  78.1   4529   24.0  15.9  63.3  49.4  13:05
  28.0    0.0    0.1  14.4  19.5   7.6  148.5   23.5  125.0  84.2  78.2   4544   23.2  15.0  64.5  50.4  13:20
  29.0    0.0    0.1  14.1  19.1   7.6  145.7   23.0  122.7  84.2  78.3   4561   22.4  14.2  65.5  51.3  13:36
  30.0    0.0    0.1  13.8  18.6   7.7  142.6   22.5  120.1  84.2  78.5   4579   21.5  13.4  66.4  52.2  13:56
  31.0    0.0    0.1  13.4  18.1   7.7  139.1   21.9  117.2  84.2  78.7   4600   20.5  12.6  67.3  52.9  14:18
  32.0    0.0    0.1  13.0  17.6   7.7  135.3   21.3  114.0  84.2  78.8   4623   19.6  11.8  68.1  53.7  14:44
  33.0    0.0    0.1  12.6  17.0   7.7  131.2   20.7  110.4  84.2  79.0   4647   18.6  11.0  68.8  54.3  15:14
  34.0    0.0    0.1  12.1  16.4   7.7  126.7   20.1  106.6  84.1  79.1   4673   17.6  10.3  69.5  54.9  15:49
  35.0    0.0    0.1  11.6  15.7   7.7  121.9   19.5  102.4  84.0  79.2   4701   16.5   9.5  70.1  55.5  16:29
  36.0    0.0    0.1  11.1  15.0   7.8  116.7   18.8   97.9  83.9  79.3   4730   15.5   8.8  70.6  56.0  17:15
  37.0    0.0    0.1  10.6  14.3   7.8  111.3   18.2   93.1  83.7  79.3   4761   14.4   8.1  71.1  56.4  18:09
  38.0    0.0    0.1  10.0  13.5   7.8  105.5   17.5   88.0  83.4  79.3   4793   13.3   7.4  71.5  56.7  19:12
  39.0    0.0    0.1   9.4  12.7   7.8   99.4   16.9   82.5  83.0  79.1   4827   12.3   6.7  71.8  56.9  20:26
  40.0    0.0    0.1   8.8  11.8   7.9   93.1   16.3   76.8  82.5  78.9   4862   11.2   6.0  72.1  56.9  21:55
  41.0    0.0    0.2   8.1  11.0   7.9   86.4   15.7   70.6  81.8  78.5   4898   10.1   5.4  72.4  56.9  23:42
  42.0    0.0    0.2   7.4  10.0   7.9   79.3   15.2   64.1  80.8  77.9   4936    8.9   4.7  72.7  56.6  25:53
  43.0    0.0    0.2   6.7   9.1   7.9   72.0   14.7   57.3  79.6  76.9   4974    7.8   4.1  72.9  56.0  28:37
  44.0    0.0    0.2   6.0   8.1   8.0   64.4   14.3   50.1  77.8  75.5   5015    6.7   3.5  73.0  55.2  32:08
  45.0    0.0    0.2   5.2   7.1   8.0   56.5   13.9   42.6  75.4  73.5   5056    5.6   2.9  73.1  53.8  36:47
  46.0    0.0    0.2   4.4   6.0   8.0   48.2   13.5   34.7  71.9  70.4   5098    4.5   2.3  73.2  51.5  43:14
  47.0    0.0    0.2   3.6   4.9   8.1   39.7   13.3   26.4  66.6  65.4   5142    3.3   1.7  73.3  47.9  52:46
  48.0    0.0    0.2   2.8   3.8   8.1   30.8   13.1   17.7  57.6  56.8   5187    2.2   1.1  73.4  41.7  68:12
  49.0    0.0    0.2   2.0   2.7   8.1   21.7   12.9    8.7  40.2  39.8   5232    1.1   0.6  73.4  29.2  97:28

Note: Motor performance calculations take ambient temperature and heating effects into account.

Generated by MotoCalc 8.09, 11/3/2020 12:50 PM.
