In-flight Analysis - Open UAS
5000ft above Sea Level, 29.92inHg, 41°F

Motor: Badass 3520-560kv; 560rpm/V; 1.45A no-load; 0.045 Ohms.
Battery: Kokam 3200SHD (20C); 3 cells; 3200mAh @ 3.7V; 0.008 Ohms/cell.
Speed Control: Generic Brushless ESC; 0.006 Ohms; High rate.
Drive System: APC 12x10-14x10; 14x12 (Pconst=1.17; Tconst=1) direct drive.
Airframe: OpenUAS; 1sq.in; 19oz RTF; 2740.3oz/sq.ft; Cd=0.084; Cl=0.38; Clopt=0.34; Clmax=1.08.
Stats: 235 W/lb in; 193 W/lb out; 274mph stall; 487mph opt; 460mph level; -9093ft/min @ -12.3°; -9093ft/min @ -12.3°.

AirSpd   Drag   Lift  Batt Motor Motor  Input   Loss MGbOut MotGb Shaft   Prop Thrust  PSpd  Prop Total   Time
 (mph)   (oz)   (oz)  Amps  Amps Volts    (W)    (W)    (W) Ef(%) Ef(%)    RPM   (oz) (mph) Ef(%) Ef(%)  (m:s)

   0.0    0.0    0.0  27.2  27.2  10.3  279.9   50.8  229.1  81.9  75.8   4979   50.1  56.6   0.0   0.0   7:03
   1.0    0.0    0.0  27.2  27.2  10.3  279.9   50.8  229.1  81.9  75.8   4979   49.7  55.6   2.7   2.0   7:03
   2.0    0.0    0.0  27.2  27.2  10.3  279.9   50.8  229.1  81.9  75.8   4979   49.2  54.6   5.3   4.0   7:03
   3.0    0.0    0.0  27.2  27.2  10.3  280.1   50.9  229.2  81.8  75.8   4978   48.8  53.6   7.9   6.0   7:03
   4.0    0.0    0.0  27.3  27.3  10.3  280.4   50.9  229.4  81.8  75.8   4976   48.4  52.6  10.5   7.9   7:02
   5.0    0.0    0.0  27.3  27.3  10.3  280.7   51.0  229.6  81.8  75.8   4975   48.1  51.5  13.0   9.8   7:02
   6.0    0.0    0.0  27.3  27.3  10.3  281.1   51.2  229.9  81.8  75.8   4972   47.7  50.5  15.4  11.7   7:01
   7.0    0.0    0.0  27.4  27.4  10.3  281.5   51.3  230.2  81.8  75.7   4970   47.3  49.5  17.8  13.5   7:01
   8.0    0.0    0.0  27.4  27.4  10.3  281.9   51.4  230.5  81.8  75.7   4968   47.0  48.5  20.2  15.3   7:00
   9.0    0.0    0.0  27.5  27.5  10.3  282.4   51.6  230.8  81.7  75.7   4965   46.6  47.4  22.5  17.0   6:59
  10.0    0.0    0.0  27.5  27.5  10.3  282.9   51.8  231.1  81.7  75.6   4962   46.2  46.4  24.8  18.8   6:58
  11.0    0.0    0.0  27.6  27.6  10.3  283.4   51.9  231.5  81.7  75.6   4959   45.9  45.4  27.0  20.4   6:58
  12.0    0.0    0.0  27.6  27.6  10.3  283.9   52.1  231.8  81.6  75.5   4956   45.5  44.3  29.2  22.1   6:57
  13.0    0.0    0.0  27.7  27.7  10.3  284.4   52.3  232.1  81.6  75.5   4953   45.2  43.3  31.4  23.7   6:56
  14.0    0.0    0.0  27.7  27.7  10.3  284.9   52.4  232.5  81.6  75.5   4950   44.8  42.3  33.4  25.2   6:55
  15.0    0.0    0.0  27.8  27.8  10.3  285.4   52.6  232.8  81.6  75.4   4947   44.4  41.2  35.5  26.8   6:54
  16.0    0.0    0.0  27.9  27.9  10.3  285.9   52.8  233.1  81.5  75.4   4945   44.0  40.2  37.5  28.3   6:54
  17.0    0.0    0.0  27.9  27.9  10.3  286.3   52.9  233.4  81.5  75.4   4942   43.7  39.2  39.4  29.7   6:53
  18.0    0.0    0.0  27.9  27.9  10.3  286.7   53.1  233.7  81.5  75.3   4940   43.3  38.1  41.3  31.1   6:52
  19.0    0.0    0.0  28.0  28.0  10.3  287.1   53.2  233.9  81.5  75.3   4938   42.9  37.1  43.2  32.5   6:52
  20.0    0.0    0.0  28.0  28.0  10.3  287.4   53.3  234.1  81.5  75.3   4936   42.5  36.1  45.0  33.9   6:51
  21.0    0.0    0.0  28.0  28.0  10.3  287.6   53.4  234.3  81.4  75.3   4934   42.0  35.1  46.7  35.2   6:51
  22.0    0.0    0.0  28.1  28.1  10.3  287.8   53.4  234.4  81.4  75.3   4933   41.6  34.1  48.4  36.4   6:51
  23.0    0.0    0.0  28.1  28.1  10.3  288.0   53.5  234.5  81.4  75.3   4932   41.2  33.1  50.1  37.7   6:50
  24.0    0.0    0.1  28.1  28.1  10.3  288.0   53.5  234.5  81.4  75.2   4932   40.7  32.0  51.7  38.9   6:50
  25.0    0.0    0.1  28.1  28.1  10.3  287.9   53.5  234.5  81.4  75.3   4933   40.2  31.1  53.2  40.0   6:50
  26.0    0.0    0.1  28.0  28.0  10.3  287.7   53.4  234.3  81.4  75.3   4934   39.7  30.1  54.7  41.2   6:51
  27.0    0.0    0.1  28.0  28.0  10.3  287.3   53.3  234.1  81.5  75.3   4936   39.2  29.1  56.1  42.2   6:51
  28.0    0.0    0.1  27.9  27.9  10.3  286.8   53.1  233.7  81.5  75.3   4939   38.7  28.1  57.5  43.3   6:52
  29.0    0.0    0.1  27.9  27.9  10.3  286.1   52.9  233.3  81.5  75.4   4943   38.1  27.2  58.8  44.3   6:53
  30.0    0.0    0.1  27.8  27.8  10.3  285.3   52.6  232.7  81.6  75.4   4948   37.6  26.2  60.1  45.3   6:54
  31.0    0.0    0.1  27.7  27.7  10.3  284.4   52.3  232.1  81.6  75.5   4953   37.0  25.3  61.3  46.3   6:56
  32.0    0.0    0.1  27.6  27.6  10.3  283.3   51.9  231.4  81.7  75.6   4960   36.4  24.4  62.4  47.2   6:58
  33.0    0.0    0.1  27.4  27.4  10.3  282.0   51.5  230.5  81.7  75.7   4967   35.8  23.4  63.5  48.1   7:00
  34.0    0.0    0.1  27.3  27.3  10.3  280.7   51.0  229.6  81.8  75.8   4975   35.2  22.5  64.6  48.9   7:02
  35.0    0.0    0.1  27.2  27.2  10.3  279.4   50.6  228.8  81.9  75.9   4982   34.6  21.6  65.6  49.7   7:04
  36.0    0.0    0.1  27.0  27.0  10.3  277.7   50.1  227.6  82.0  76.0   4991   33.9  20.7  66.5  50.5   7:07
  37.0    0.0    0.1  26.8  26.8  10.3  276.0   49.5  226.4  82.0  76.1   5001   33.3  19.8  67.4  51.3   7:10
  38.0    0.0    0.1  26.6  26.6  10.3  274.0   48.9  225.1  82.1  76.2   5012   32.6  19.0  68.2  52.0   7:13
  39.0    0.0    0.1  26.4  26.4  10.3  272.0   48.3  223.7  82.2  76.4   5024   31.9  18.1  69.0  52.7   7:17
  40.0    0.0    0.1  26.2  26.2  10.3  269.8   47.6  222.1  82.3  76.5   5036   31.3  17.2  69.8  53.4   7:21
  41.0    0.0    0.2  25.9  25.9  10.3  267.4   46.9  220.5  82.4  76.7   5049   30.6  16.4  70.5  54.1   7:25
  42.0    0.0    0.2  25.7  25.7  10.3  265.5   46.0  219.5  82.7  76.9   5067   30.0  15.6  71.1  54.7   7:28
  43.0    0.0    0.2  25.4  25.4  10.3  262.9   45.3  217.6  82.8  77.1   5081   29.3  14.7  71.8  55.3   7:33
  44.0    0.0    0.2  25.1  25.1  10.3  260.1   44.5  215.6  82.9  77.2   5095   28.6  13.9  72.3  55.9   7:38
  45.0    0.0    0.2  24.8  24.8  10.4  257.2   43.8  213.4  83.0  77.4   5111   27.9  13.1  72.9  56.4   7:44
  46.0    0.0    0.2  24.5  24.5  10.4  254.1   42.9  211.2  83.1  77.6   5126   27.2  12.3  73.4  56.9   7:50
  47.0    0.0    0.2  24.2  24.2  10.4  250.8   42.1  208.7  83.2  77.8   5143   26.4  11.5  73.8  57.4   7:56
  48.0    0.0    0.2  23.8  23.8  10.4  247.3   41.2  206.1  83.3  78.0   5162   25.7  10.7  74.2  57.9   8:04
  49.0    0.0    0.2  23.4  23.4  10.4  243.5   40.3  203.3  83.5  78.2   5181   25.0   9.9  74.6  58.3   8:12
  50.0    0.0    0.2  23.0  23.0  10.4  239.5   39.3  200.2  83.6  78.4   5201   24.2   9.1  74.9  58.7   8:21
  51.0    0.1    0.2  22.6  22.6  10.4  235.3   38.3  197.0  83.7  78.6   5222   23.4   8.3  75.2  59.1   8:30
  52.0    0.1    0.2  22.1  22.1  10.4  230.8   37.3  193.5  83.8  78.8   5244   22.7   7.6  75.5  59.5   8:41
  53.0    0.1    0.3  21.6  21.6  10.5  226.1   36.3  189.9  84.0  79.1   5267   21.9   6.9  75.7  59.9   8:52
  54.0    0.1    0.3  21.1  21.1  10.5  221.2   35.2  186.0  84.1  79.3   5291   21.1   6.1  76.0  60.2   9:05
  55.0    0.1    0.3  20.6  20.6  10.5  216.1   34.2  182.0  84.2  79.5   5316   20.3   5.4  76.1  60.5   9:19
  56.0    0.1    0.3  20.1  20.1  10.5  210.8   33.1  177.7  84.3  79.7   5341   19.5   4.7  76.3  60.8   9:34
  57.0    0.1    0.3  19.5  19.5  10.5  205.2   32.0  173.2  84.4  79.9   5368   18.7   4.0  76.4  61.1   9:50
  58.0    0.1    0.3  18.9  18.9  10.5  199.4   31.0  168.4  84.5  80.1   5395   17.9   3.3  76.5  61.3  10:08
  59.0    0.1    0.3  18.3  18.3  10.5  193.4   29.9  163.5  84.5  80.3   5422   17.1   2.6  76.6  61.5  10:28
  60.0    0.1    0.3  17.7  17.7  10.6  187.2   28.9  158.3  84.6  80.5   5451   16.3   1.9  76.7  61.7  10:50
  61.0    0.1    0.3  17.1  17.1  10.6  180.8   27.9  152.9  84.6  80.7   5480   15.5   1.3  76.7  61.9  11:15
  62.0    0.1    0.3  16.4  16.4  10.6  174.2   26.9  147.3  84.6  80.8   5510   14.7   0.6  76.7  62.0  11:42
  63.0    0.1    0.4  15.7  15.7  10.6  167.3   25.9  141.4  84.5  80.9   5540   13.9   0.0  76.8  62.1  12:12
  64.0    0.1    0.4  15.0  15.0  10.6  160.3   25.0  135.3  84.4  81.0   5571   13.1  -0.7  76.7  62.1  12:45
  65.0    0.1    0.4  14.3  14.3  10.7  153.0   24.0  128.9  84.3  81.0   5603   12.2  -1.3  76.5  62.0  13:24
  66.0    0.1    0.4  13.6  13.6  10.7  145.5   23.1  122.4  84.1  81.0   5635   11.4  -2.0  76.3  61.8  14:06
  67.0    0.1    0.4  12.9  12.9  10.7  137.8   22.3  115.5  83.8  80.9   5668   10.6  -2.6  75.9  61.4  14:56
  68.0    0.1    0.4  12.1  12.1  10.7  129.9   21.5  108.4  83.5  80.7   5702    9.7  -3.2  75.5  61.0  15:52
  69.0    0.1    0.4  11.3  11.3  10.8  121.8   20.7  101.1  83.0  80.5   5735    8.9  -3.8  75.0  60.4  16:58
  70.0    0.1    0.4  10.5  10.5  10.8  113.5   20.0   93.5  82.4  80.0   5770    8.0  -4.4  74.5  59.6  18:15
  71.0    0.1    0.5   9.7   9.7  10.8  105.0   19.3   85.6  81.6  79.4   5805    7.2  -5.0  73.8  58.7  19:46
  72.0    0.1    0.5   8.9   8.9  10.8   96.3   18.7   77.5  80.6  78.6   5840    6.4  -5.6  73.2  57.5  21:37
  73.0    0.1    0.5   8.0   8.0  10.9   87.3   18.2   69.2  79.2  77.5   5876    5.5  -6.2  72.4  56.1  23:52
  74.0    0.1    0.5   7.2   7.2  10.9   78.2   17.6   60.6  77.4  75.9   5913    4.7  -6.8  71.6  54.4  26:43
  75.0    0.1    0.5   6.3   6.3  10.9   68.9   17.2   51.6  75.0  73.7   5950    3.9  -7.4  70.8  52.2  30:26
  76.0    0.1    0.5   5.4   5.4  10.9   59.3   16.8   42.5  71.6  70.6   5988    3.2  -8.0  69.9  49.4  35:23
  77.0    0.1    0.5   4.5   4.5  11.0   49.6   16.5   33.1  66.7  65.9   6026    2.4  -8.5  69.0  45.5  42:26
  78.0    0.1    0.5   3.6   3.6  11.0   39.7   16.3   23.4  59.0  58.4   6064    1.6  -9.1  68.1  39.8  53:08
  79.0    0.1    0.6   2.7   2.7  11.0   29.6   16.1   13.5  45.5  45.2   6103    0.9  -9.6  67.1  30.3  71:30
  80.0    0.1    0.6   1.7   1.7  11.0   19.3   16.0    3.3  16.9  16.9   6143    0.2 -10.2  66.1  11.1 109:49

Note: Motor performance calculations take ambient temperature and heating effects into account.

Generated by MotoCalc 8.09, 11/3/2020 2:42 PM.
