In-flight Analysis - Open UAS at 56% Throttle
5000ft above Sea Level, 29.92inHg, 41°F

Motor: Hacker A30 10XL V3; 900rpm/V; 1.9A no-load; 0.024 Ohms.
Battery: Kokam 3200SHD (20C); 3 cells; 3200mAh @ 3.7V; 0.008 Ohms/cell.
Speed Control: Generic Brushless ESC; 0.006 Ohms; High rate.
Drive System: APC 12x8-15x12; 14x10 (Pconst=1.17; Tconst=1) direct drive.
Airframe: OpenUAS; 1sq.in; 17.2oz RTF; 2481.1oz/sq.ft; Cd=0.084; Cl=0.38; Clopt=0.34; Clmax=1.08.
Stats: 136 W/lb in; 110 W/lb out; 261mph stall; 463mph opt; 438mph level; -8652ft/min @ -12.3°; -8652ft/min @ -12.3°.

AirSpd   Drag   Lift  Batt Motor Motor  Input   Loss MGbOut MotGb Shaft   Prop Thrust  PSpd  Prop Total   Time
 (mph)   (oz)   (oz)  Amps  Amps Volts    (W)    (W)    (W) Ef(%) Ef(%)    RPM   (oz) (mph) Ef(%) Ef(%)  (m:s)

   0.0    0.0    0.0  15.1  27.0   5.4  146.0   27.5  118.5  81.2  70.6   4248   34.9  40.2   0.0   0.0  12:41
   1.0    0.0    0.0  15.1  27.0   5.4  146.0   27.5  118.5  81.2  70.6   4248   34.5  39.2   3.6   2.5  12:41
   2.0    0.0    0.0  15.1  27.0   5.4  146.1   27.5  118.6  81.2  70.6   4247   34.0  38.2   7.1   5.0  12:41
   3.0    0.0    0.0  15.1  27.0   5.4  146.2   27.5  118.6  81.2  70.6   4246   33.6  37.2  10.5   7.4  12:41
   4.0    0.0    0.0  15.2  27.1   5.4  146.3   27.6  118.7  81.1  70.5   4244   33.2  36.2  13.9   9.8  12:40
   5.0    0.0    0.0  15.2  27.1   5.4  146.5   27.6  118.8  81.1  70.5   4242   32.8  35.2  17.1  12.1  12:39
   6.0    0.0    0.0  15.2  27.2   5.4  146.7   27.7  119.0  81.1  70.5   4240   32.5  34.2  20.3  14.3  12:38
   7.0    0.0    0.0  15.2  27.2   5.4  146.9   27.7  119.1  81.1  70.5   4238   32.1  33.1  23.4  16.5  12:36
   8.0    0.0    0.0  15.3  27.2   5.4  147.0   27.8  119.2  81.1  70.4   4236   31.7  32.1  26.4  18.6  12:35
   9.0    0.0    0.0  15.3  27.3   5.4  147.2   27.9  119.4  81.1  70.4   4234   31.3  31.1  29.3  20.6  12:34
  10.0    0.0    0.0  15.3  27.3   5.4  147.4   27.9  119.5  81.1  70.4   4232   30.9  30.1  32.1  22.6  12:33
  11.0    0.0    0.0  15.3  27.3   5.4  147.5   28.0  119.6  81.1  70.4   4230   30.5  29.1  34.8  24.5  12:32
  12.0    0.0    0.0  15.3  27.4   5.4  147.7   28.0  119.7  81.0  70.3   4229   30.1  28.0  37.4  26.3  12:32
  13.0    0.0    0.0  15.3  27.4   5.4  147.8   28.0  119.7  81.0  70.3   4228   29.7  27.0  39.9  28.1  12:31
  14.0    0.0    0.0  15.3  27.4   5.4  147.8   28.0  119.8  81.0  70.3   4227   29.2  26.0  42.4  29.8  12:31
  15.0    0.0    0.0  15.3  27.4   5.4  147.8   28.0  119.7  81.0  70.3   4228   28.8  25.0  44.7  31.4  12:31
  16.0    0.0    0.0  15.3  27.3   5.4  147.6   28.0  119.6  81.1  70.4   4230   28.3  24.1  46.9  33.0  12:32
  17.0    0.0    0.0  15.3  27.3   5.4  147.2   27.8  119.3  81.1  70.4   4234   27.8  23.1  49.1  34.5  12:34
  18.0    0.0    0.0  15.2  27.2   5.4  146.7   27.7  119.0  81.1  70.5   4240   27.2  22.2  51.1  36.0  12:38
  19.0    0.0    0.0  15.1  27.0   5.4  146.0   27.5  118.5  81.2  70.6   4247   26.7  21.2  53.0  37.4  12:41
  20.0    0.0    0.0  15.0  26.9   5.4  145.3   27.3  118.0  81.2  70.7   4256   26.1  20.3  54.8  38.7  12:46
  21.0    0.0    0.0  14.9  26.6   5.4  144.3   27.0  117.3  81.3  70.8   4267   25.4  19.4  56.5  40.0  12:52
  22.0    0.0    0.0  14.8  26.4   5.4  143.2   26.7  116.5  81.4  71.0   4280   24.8  18.5  58.1  41.2  12:59
  23.0    0.0    0.0  14.6  26.1   5.4  141.9   26.3  115.6  81.5  71.2   4294   24.1  17.7  59.6  42.4  13:07
  24.0    0.0    0.1  14.5  25.8   5.4  140.5   25.9  114.6  81.5  71.4   4311   23.5  16.8  60.9  43.5  13:17
  25.0    0.0    0.1  14.3  25.5   5.5  138.9   25.5  113.4  81.6  71.6   4328   22.8  16.0  62.2  44.6  13:27
  26.0    0.0    0.1  14.1  25.1   5.5  137.2   25.1  112.2  81.7  71.8   4347   22.1  15.2  63.4  45.6  13:39
  27.0    0.0    0.1  13.8  24.7   5.5  135.3   24.6  110.8  81.8  72.1   4368   21.4  14.4  64.6  46.5  13:52
  28.0    0.0    0.1  13.6  24.3   5.5  133.3   24.0  109.2  82.0  72.3   4391   20.6  13.6  65.6  47.4  14:07
  29.0    0.0    0.1  13.3  23.8   5.5  130.9   23.5  107.4  82.1  72.6   4417   19.9  12.8  66.5  48.3  14:25
  30.0    0.0    0.1  13.0  23.3   5.5  128.3   22.9  105.4  82.2  73.0   4445   19.1  12.1  67.4  49.1  14:45
  31.0    0.0    0.1  12.7  22.7   5.5  125.5   22.2  103.2  82.3  73.3   4475   18.3  11.4  68.1  49.9  15:08
  32.0    0.0    0.1  12.3  22.0   5.6  122.4   21.6  100.8  82.4  73.6   4507   17.5  10.7  68.8  50.7  15:34
  33.0    0.0    0.1  12.0  21.4   5.6  119.1   20.9   98.2  82.5  74.0   4542   16.7  10.0  69.4  51.4  16:03
  34.0    0.0    0.1  11.6  20.6   5.6  115.5   20.2   95.3  82.5  74.3   4579   15.8   9.4  70.0  52.0  16:37
  35.0    0.0    0.1  11.1  19.9   5.6  111.7   19.5   92.2  82.6  74.6   4617   15.0   8.7  70.5  52.6  17:15
  36.0    0.0    0.1  10.7  19.1   5.6  107.7   18.8   88.9  82.6  75.0   4658   14.1   8.1  70.9  53.2  17:58
  37.0    0.0    0.1  10.2  18.2   5.7  103.4   18.1   85.4  82.5  75.3   4700   13.3   7.5  71.3  53.7  18:47
  38.0    0.0    0.1   9.7  17.4   5.7   99.0   17.4   81.6  82.4  75.5   4744   12.4   6.9  71.7  54.1  19:44
  39.0    0.0    0.1   9.2  16.5   5.7   94.3   16.7   77.5  82.3  75.7   4789   11.5   6.4  72.0  54.5  20:49
  40.0    0.0    0.1   8.7  15.5   5.8   89.3   16.1   73.2  82.0  75.9   4836   10.7   5.8  72.2  54.8  22:05
  41.0    0.0    0.2   8.2  14.6   5.8   84.1   15.4   68.7  81.6  75.9   4884    9.8   5.3  72.5  55.0  23:33
  42.0    0.0    0.2   7.6  13.6   5.8   78.7   14.9   63.9  81.1  75.8   4934    8.9   4.7  72.7  55.1  25:18
  43.0    0.0    0.2   7.0  12.5   5.8   73.1   14.3   58.8  80.4  75.6   4985    8.0   4.2  72.8  55.0  27:23
  44.0    0.0    0.2   6.4  11.5   5.9   67.3   13.8   53.5  79.5  75.1   5037    7.2   3.7  73.0  54.8  29:56
  45.0    0.0    0.2   5.8  10.4   5.9   61.2   13.3   47.9  78.2  74.3   5091    6.3   3.2  73.1  54.3  33:05
  46.0    0.0    0.2   5.2   9.2   5.9   54.9   12.9   42.0  76.5  73.1   5146    5.4   2.7  73.2  53.5  37:06
  47.0    0.0    0.2   4.5   8.1   6.0   48.3   12.5   35.8  74.0  71.1   5202    4.5   2.3  73.3  52.1  42:23
  48.0    0.0    0.2   3.9   6.9   6.0   41.6   12.2   29.3  70.5  68.2   5259    3.6   1.8  73.3  50.0  49:33
  49.0    0.0    0.2   3.2   5.7   6.0   34.6   12.0   22.6  65.3  63.5   5317    2.7   1.4  73.4  46.6  59:55
  50.0    0.0    0.2   2.5   4.5   6.1   27.4   11.8   15.5  56.8  55.5   5376    1.8   0.9  73.4  40.7  76:12
  51.0    0.1    0.2   1.8   3.3   6.1   19.9   11.7    8.2  41.1  40.5   5437    1.0   0.5  73.4  29.7 105:16
  52.0    0.1    0.2   1.1   2.0   6.2   12.3   11.7    0.6   4.7   4.6   5498    0.1   0.1  73.4   3.4 171:58

Note: Motor performance calculations take ambient temperature and heating effects into account.

Generated by MotoCalc 8.09, 11/3/2020 4:41 PM.
